Voltage U1	Corriente IA
U1/V	IA/nA

0,02	0,53
0,04	0,52
0,07	0,53
0,09	0,53
0,12	0,52
0,14	0,51
0,17	0,52
0,19	0,49
0,21	0,50
0,24	0,49
0,26	0,49
0,29	0,51
0,31	0,52
0,34	0,51
0,36	0,53
0,39	0,53
0,41	0,55
0,43	0,55
0,46	0,55
0,48	0,55
0,51	0,55
0,53	0,52
0,56	0,53
0,58	0,52
0,61	0,52
0,63	0,52
0,65	0,52
0,68	0,53
0,70	0,54
0,73	0,53
0,75	0,56
0,78	0,56
0,80	0,54
0,83	0,54
0,85	0,51
0,87	0,51
0,90	0,51
0,92	0,49
0,95	0,49
0,97	0,49
1,00	0,50
1,02	0,53
1,05	0,52
1,07	0,53
1,09	0,55
1,12	0,56
1,14	0,56
1,17	0,57
1,19	0,55
1,22	0,55
1,24	0,54
1,26	0,53
1,29	0,52
1,31	0,52
1,34	0,51
1,36	0,53
1,39	0,52
1,41	0,53
1,44	0,52
1,46	0,52
1,48	0,54
1,51	0,54
1,53	0,53
1,56	0,54
1,58	0,52
1,61	0,52
1,63	0,52
1,66	0,51
1,68	0,50
1,70	0,50
1,73	0,49
1,75	0,52
1,78	0,52
1,80	0,52
1,83	0,53
1,85	0,52
1,88	0,53
1,90	0,54
1,92	0,54
1,95	0,55
1,97	0,55
2,00	0,53
2,02	0,54
2,05	0,53
2,07	0,52
2,10	0,51
2,12	0,51
2,14	0,52
2,17	0,52
2,19	0,51
2,22	0,55
2,24	0,55
2,27	0,55
2,29	0,55
2,31	0,53
2,34	0,51
2,36	0,52
2,39	0,49
2,41	0,50
2,44	0,49
2,46	0,49
2,49	0,51
2,51	0,51
2,53	0,51
2,56	0,55
2,58	0,53
2,61	0,55
2,63	0,53
2,66	0,53
2,68	0,53
2,71	0,54
2,73	0,50
2,75	0,53
2,78	0,49
2,80	0,52
2,83	0,51
2,85	0,53
2,88	0,53
2,90	0,55
2,93	0,52
2,95	0,58
2,97	0,57
3,00	0,57
3,02	0,55
3,05	0,55
3,07	0,52
3,10	0,54
3,12	0,50
3,15	0,52
3,17	0,49
3,19	0,50
3,22	0,50
3,24	0,52
3,27	0,50
3,29	0,52
3,32	0,50
3,34	0,53
3,36	0,52
3,39	0,53
3,41	0,52
3,44	0,53
3,46	0,52
3,49	0,54
3,51	0,52
3,54	0,52
3,56	0,51
3,58	0,51
3,61	0,51
3,63	0,52
3,66	0,50
3,68	0,55
3,71	0,55
3,73	0,55
3,76	0,54
3,78	0,52
3,80	0,54
3,83	0,54
3,85	0,51
3,88	0,50
3,90	0,49
3,93	0,48
3,95	0,51
3,98	0,50
4,00	0,51
4,02	0,52
4,05	0,53
4,07	0,54
4,10	0,56
4,12	0,55
4,15	0,56
4,17	0,55
4,20	0,55
4,22	0,54
4,24	0,53
4,27	0,52
4,29	0,53
4,32	0,51
4,34	0,52
4,37	0,52
4,39	0,53
4,42	0,56
4,44	0,55
4,46	0,54
4,49	0,55
4,51	0,53
4,54	0,54
4,56	0,53
4,59	0,52
4,61	0,51
4,63	0,50
4,66	0,48
4,68	0,51
4,71	0,49
4,73	0,51
4,76	0,51
4,78	0,52
4,81	0,53
4,83	0,53
4,85	0,52
4,88	0,53
4,90	0,52
4,93	0,53
4,95	0,54
4,98	0,53
5,00	0,53
5,03	0,53
5,05	0,52
5,07	0,54
5,10	0,54
5,12	0,53
5,15	0,56
5,17	0,57
5,20	0,56
5,22	0,57
5,25	0,56
5,27	0,55
5,29	0,54
5,32	0,53
5,34	0,53
5,37	0,51
5,39	0,50
5,42	0,52
5,44	0,51
5,47	0,52
5,49	0,52
5,51	0,52
5,54	0,53
5,56	0,55
5,59	0,53
5,61	0,54
5,64	0,54
5,66	0,54
5,68	0,55
5,71	0,53
5,73	0,53
5,76	0,54
5,78	0,54
5,81	0,55
5,83	0,57
5,86	0,56
5,88	0,58
5,90	0,56
5,93	0,56
5,95	0,56
5,98	0,55
6,00	0,54
6,03	0,54
6,05	0,54
6,08	0,55
6,10	0,53
6,12	0,54
6,15	0,55
6,17	0,55
6,20	0,55
6,22	0,55
6,25	0,54
6,27	0,57
6,30	0,56
6,32	0,55
6,34	0,56
6,37	0,56
6,39	0,55
6,42	0,58
6,44	0,55
6,47	0,56
6,49	0,55
6,52	0,55
6,54	0,56
6,56	0,56
6,59	0,54
6,61	0,57
6,64	0,56
6,66	0,57
6,69	0,56
6,71	0,56
6,73	0,55
6,76	0,57
6,78	0,56
6,81	0,58
6,83	0,56
6,86	0,57
6,88	0,57
6,91	0,58
6,93	0,57
6,95	0,58
6,98	0,56
7,00	0,59
7,03	0,60
7,05	0,59
7,08	0,60
7,10	0,60
7,13	0,60
7,15	0,62
7,17	0,61
7,20	0,62
7,22	0,62
7,25	0,62
7,27	0,64
7,30	0,63
7,32	0,63
7,35	0,64
7,37	0,64
7,39	0,63
7,42	0,63
7,44	0,62
7,47	0,63
7,49	0,63
7,52	0,64
7,54	0,63
7,57	0,62
7,59	0,61
7,61	0,65
7,64	0,64
7,66	0,65
7,69	0,64
7,71	0,65
7,74	0,66
7,76	0,68
7,78	0,64
7,81	0,66
7,83	0,64
7,86	0,67
7,88	0,68
7,91	0,69
7,93	0,68
7,96	0,69
7,98	0,68
8,00	0,71
8,03	0,69
8,05	0,70
8,08	0,68
8,10	0,69
8,13	0,69
8,15	0,72
8,18	0,69
8,20	0,71
8,22	0,69
8,25	0,70
8,27	0,70
8,30	0,69
8,32	0,66
8,35	0,69
8,37	0,68
8,40	0,69
8,42	0,68
8,44	0,70
8,47	0,73
8,49	0,75
8,52	0,72
8,54	0,73
8,57	0,73
8,59	0,73
8,62	0,75
8,64	0,75
8,66	0,74
8,69	0,74
8,71	0,74
8,74	0,76
8,76	0,76
8,79	0,74
8,81	0,74
8,84	0,74
8,86	0,75
8,88	0,76
8,91	0,75
8,93	0,75
8,96	0,75
8,98	0,75
9,01	0,75
9,03	0,74
9,05	0,74
9,08	0,76
9,10	0,76
9,13	0,77
9,15	0,78
9,18	0,78
9,20	0,79
9,23	0,80
9,25	0,78
9,27	0,78
9,30	0,78
9,32	0,78
9,35	0,80
9,37	0,80
9,40	0,81
9,42	0,80
9,45	0,82
9,47	0,84
9,49	0,83
9,52	0,81
9,54	0,81
9,57	0,79
9,59	0,80
9,62	0,79
9,64	0,78
9,67	0,78
9,69	0,79
9,71	0,78
9,74	0,80
9,76	0,80
9,79	0,80
9,81	0,82
9,84	0,82
9,86	0,81
9,89	0,82
9,91	0,80
9,93	0,82
9,96	0,81
9,98	0,82
10,01	0,82
10,03	0,82
10,06	0,82
10,08	0,85
10,10	0,84
10,13	0,85
10,15	0,83
10,18	0,84
10,20	0,85
10,23	0,85
10,25	0,83
10,28	0,84
10,30	0,82
10,32	0,83
10,35	0,82
10,37	0,81
10,40	0,81
10,42	0,82
10,45	0,81
10,47	0,83
10,50	0,83
10,52	0,83
10,54	0,86
10,57	0,86
10,59	0,86
10,62	0,88
10,64	0,87
10,67	0,89
10,69	0,89
10,72	0,87
10,74	0,87
10,76	0,86
10,79	0,85
10,81	0,88
10,84	0,88
10,86	0,89
10,89	0,89
10,91	0,89
10,94	0,92
10,96	0,91
10,98	0,90
11,01	0,90
11,03	0,89
11,06	0,88
11,08	0,89
11,11	0,87
11,13	0,89
11,15	0,90
11,18	0,91
11,20	0,92
11,23	0,93
11,25	0,93
11,28	0,97
11,30	0,96
11,33	0,97
11,35	0,97
11,37	0,98
11,40	0,98
11,42	1,01
11,45	0,98
11,47	1,00
11,50	0,98
11,52	0,99
11,55	1,01
11,57	1,02
11,59	1,02
11,62	1,04
11,64	1,03
11,67	1,06
11,69	1,06
11,72	1,06
11,74	1,06
11,77	1,06
11,79	1,07
11,81	1,09
11,84	1,08
11,86	1,09
11,89	1,09
11,91	1,11
11,94	1,12
11,96	1,13
11,99	1,12
12,01	1,16
12,03	1,15
12,06	1,17
12,08	1,18
12,11	1,18
12,13	1,19
12,16	1,20
12,18	1,18
12,21	1,20
12,23	1,20
12,25	1,21
12,28	1,23
12,30	1,24
12,33	1,24
12,35	1,26
12,38	1,26
12,40	1,29
12,42	1,30
12,45	1,29
12,47	1,29
12,50	1,28
12,52	1,28
12,55	1,28
12,57	1,27
12,60	1,27
12,62	1,27
12,64	1,27
12,67	1,29
12,69	1,29
12,72	1,30
12,74	1,33
12,77	1,33
12,79	1,33
12,82	1,34
12,84	1,33
12,86	1,35
12,89	1,34
12,91	1,32
12,94	1,32
12,96	1,31
12,99	1,30
13,01	1,32
13,04	1,30
13,06	1,31
13,08	1,30
13,11	1,30
13,13	1,33
13,16	1,33
13,18	1,31
13,21	1,33
13,23	1,31
13,26	1,32
13,28	1,31
13,30	1,30
13,33	1,29
13,35	1,29
13,38	1,28
13,40	1,31
13,43	1,29
13,45	1,30
13,47	1,32
13,50	1,32
13,52	1,32
13,55	1,33
13,57	1,30
13,60	1,31
13,62	1,30
13,65	1,28
13,67	1,27
13,69	1,26
13,72	1,25
13,74	1,26
13,77	1,25
13,79	1,24
13,82	1,24
13,84	1,24
13,87	1,25
13,89	1,25
13,91	1,24
13,94	1,24
13,96	1,21
13,99	1,21
14,01	1,20
14,04	1,18
14,06	1,18
14,09	1,17
14,11	1,17
14,13	1,20
14,16	1,19
14,18	1,19
14,21	1,22
14,23	1,22
14,26	1,22
14,28	1,22
14,31	1,20
14,33	1,19
14,35	1,18
14,38	1,16
14,40	1,16
14,43	1,14
14,45	1,13
14,48	1,14
14,50	1,14
14,52	1,15
14,55	1,15
14,57	1,13
14,60	1,17
14,62	1,16
14,65	1,16
14,67	1,16
14,70	1,13
14,72	1,11
14,74	1,13
14,77	1,10
14,79	1,12
14,82	1,10
14,84	1,10
14,87	1,13
14,89	1,13
14,92	1,12
14,94	1,14
14,96	1,12
14,99	1,14
15,01	1,12
15,04	1,13
15,06	1,13
15,09	1,14
15,11	1,11
15,14	1,15
15,16	1,12
15,18	1,14
15,21	1,13
15,23	1,14
15,26	1,14
15,28	1,16
15,31	1,15
15,33	1,20
15,36	1,20
15,38	1,21
15,40	1,22
15,43	1,21
15,45	1,22
15,48	1,23
15,50	1,22
15,53	1,22
15,55	1,22
15,57	1,22
15,60	1,26
15,62	1,27
15,65	1,27
15,67	1,29
15,70	1,30
15,72	1,31
15,75	1,33
15,77	1,33
15,79	1,35
15,82	1,35
15,84	1,36
15,87	1,39
15,89	1,40
15,92	1,40
15,94	1,42
15,97	1,41
15,99	1,45
16,01	1,45
16,04	1,47
16,06	1,51
16,09	1,53
16,11	1,54
16,14	1,57
16,16	1,54
16,19	1,57
16,21	1,58
16,23	1,60
16,26	1,61
16,28	1,62
16,31	1,63
16,33	1,69
16,36	1,69
16,38	1,71
16,41	1,71
16,43	1,75
16,45	1,77
16,48	1,80
16,50	1,81
16,53	1,85
16,55	1,86
16,58	1,91
16,60	1,92
16,63	1,94
16,65	1,95
16,67	1,99
16,70	1,99
16,72	2,03
16,75	2,04
16,77	2,06
16,80	2,11
16,82	2,14
16,84	2,14
16,87	2,18
16,89	2,17
16,92	2,20
16,94	2,20
16,97	2,19
16,99	2,20
17,02	2,22
17,04	2,22
17,06	2,25
17,09	2,25
17,11	2,26
17,14	2,28
17,16	2,30
17,19	2,32
17,21	2,33
17,24	2,33
17,26	2,35
17,28	2,36
17,31	2,36
17,33	2,38
17,36	2,35
17,38	2,36
17,41	2,37
17,43	2,38
17,46	2,38
17,48	2,39
17,50	2,37
17,53	2,41
17,55	2,40
17,58	2,39
17,60	2,39
17,63	2,36
17,65	2,36
17,68	2,35
17,70	2,33
17,72	2,32
17,75	2,30
17,77	2,29
17,80	2,30
17,82	2,28
17,85	2,27
17,87	2,27
17,89	2,26
17,92	2,26
17,94	2,24
17,97	2,22
17,99	2,21
18,02	2,20
18,04	2,17
18,07	2,17
18,09	2,13
18,11	2,12
18,14	2,10
18,16	2,09
18,19	2,08
18,21	2,08
18,24	2,04
18,26	2,07
18,29	2,04
18,31	2,03
18,33	2,00
18,36	1,98
18,38	1,95
18,41	1,94
18,43	1,89
18,46	1,89
18,48	1,85
18,51	1,84
18,53	1,82
18,55	1,81
18,58	1,78
18,60	1,79
18,63	1,76
18,65	1,76
18,68	1,75
18,70	1,73
18,73	1,71
18,75	1,70
18,77	1,67
18,80	1,67
18,82	1,64
18,85	1,63
18,87	1,62
18,90	1,61
18,92	1,60
18,94	1,59
18,97	1,56
18,99	1,57
19,02	1,55
19,04	1,53
19,07	1,51
19,09	1,49
19,12	1,48
19,14	1,47
19,16	1,46
19,19	1,45
19,21	1,43
19,24	1,42
19,26	1,43
19,29	1,42
19,31	1,43
19,34	1,42
19,36	1,42
19,38	1,42
19,41	1,43
19,43	1,40
19,46	1,42
19,48	1,39
19,51	1,39
19,53	1,39
19,56	1,39
19,58	1,37
19,60	1,39
19,63	1,37
19,65	1,39
19,68	1,39
19,70	1,39
19,73	1,39
19,75	1,40
19,78	1,38
19,80	1,41
19,82	1,39
19,85	1,42
19,87	1,40
19,90	1,43
19,92	1,44
19,95	1,45
19,97	1,44
19,99	1,48
20,02	1,47
20,04	1,50
20,07	1,50
20,09	1,51
20,12	1,52
20,14	1,55
20,17	1,53
20,19	1,56
20,21	1,57
20,24	1,59
20,26	1,63
20,29	1,65
20,31	1,65
20,34	1,70
20,36	1,72
20,39	1,76
20,41	1,78
20,43	1,79
20,46	1,81
20,48	1,83
20,51	1,85
20,53	1,86
20,56	1,87
20,58	1,89
20,61	1,92
20,63	1,94
20,65	1,98
20,68	1,99
20,70	2,02
20,73	2,06
20,75	2,09
20,78	2,11
20,80	2,16
20,83	2,18
20,85	2,24
20,87	2,27
20,90	2,29
20,92	2,32
20,95	2,36
20,97	2,38
21,00	2,45
21,02	2,47
21,05	2,51
21,07	2,54
21,09	2,60
21,12	2,64
21,14	2,70
21,17	2,71
21,19	2,76
21,22	2,79
21,24	2,84
21,26	2,86
21,29	2,91
21,31	2,93
21,34	2,98
21,36	3,01
21,39	3,07
21,41	3,09
21,44	3,13
21,46	3,17
21,48	3,22
21,51	3,26
21,53	3,32
21,56	3,34
21,58	3,41
21,61	3,44
21,63	3,48
21,66	3,50
21,68	3,54
21,70	3,55
21,73	3,62
21,75	3,63
21,78	3,68
21,80	3,70
21,83	3,73
21,85	3,76
21,88	3,80
21,90	3,80
21,92	3,82
21,95	3,82
21,97	3,84
22,00	3,84
22,02	3,85
22,05	3,85
22,07	3,85
22,10	3,86
22,12	3,88
22,14	3,86
22,17	3,87
22,19	3,88
22,22	3,88
22,24	3,87
22,27	3,87
22,29	3,85
22,31	3,86
22,34	3,85
22,36	3,82
22,39	3,81
22,41	3,78
22,44	3,75
22,46	3,75
22,49	3,72
22,51	3,70
22,53	3,67
22,56	3,64
22,58	3,62
22,61	3,59
22,63	3,54
22,66	3,52
22,68	3,48
22,71	3,45
22,73	3,41
22,75	3,38
22,78	3,35
22,80	3,30
22,83	3,26
22,85	3,22
22,88	3,18
22,90	3,12
22,93	3,10
22,95	3,04
22,97	3,02
23,00	2,97
23,02	2,95
23,05	2,92
23,07	2,90
23,10	2,84
23,12	2,83
23,15	2,77
23,17	2,74
23,19	2,70
23,22	2,67
23,24	2,61
23,27	2,57
23,29	2,51
23,32	2,49
23,34	2,45
23,36	2,40
23,39	2,36
23,41	2,33
23,44	2,29
23,46	2,26
23,49	2,21
23,51	2,19
23,54	2,15
23,56	2,12
23,58	2,08
23,61	2,06
23,63	2,03
23,66	2,03
23,68	1,99
23,71	1,97
23,73	1,93
23,76	1,92
23,78	1,90
23,80	1,88
23,83	1,83
23,85	1,82
23,88	1,79
23,90	1,81
23,93	1,81
23,95	1,79
23,98	1,77
24,00	1,77
24,02	1,75
24,05	1,77
24,07	1,75
24,10	1,72
24,12	1,71
24,15	1,69
24,17	1,68
24,20	1,68
24,22	1,67
24,24	1,67
24,27	1,67
24,29	1,66
24,32	1,69
24,34	1,69
24,37	1,69
24,39	1,71
24,42	1,72
24,44	1,72
24,46	1,75
24,49	1,74
24,51	1,78
24,54	1,77
24,56	1,77
24,59	1,77
24,61	1,79
24,63	1,78
24,66	1,83
24,68	1,82
24,71	1,87
24,73	1,87
24,76	1,90
24,78	1,93
24,81	1,96
24,83	1,94
24,85	1,99
24,88	1,99
24,90	2,03
24,93	2,05
24,95	2,09
24,98	2,11
25,00	2,16
25,03	2,16
25,05	2,22
25,07	2,23
25,10	2,26
25,12	2,30
25,15	2,34
25,17	2,36
25,20	2,42
25,22	2,44
25,25	2,50
25,27	2,53
25,29	2,56
25,32	2,60
25,34	2,65
25,37	2,67
25,39	2,74
25,42	2,78
25,44	2,82
25,47	2,86
25,49	2,90
25,51	2,96
25,54	3,02
25,56	3,05
25,59	3,12
25,61	3,15
25,64	3,20
25,66	3,26
25,68	3,30
25,71	3,35
25,73	3,42
25,76	3,47
25,78	3,53
25,81	3,59
25,83	3,63
25,86	3,73
25,88	3,77
25,90	3,83
25,93	3,89
25,95	3,96
25,98	4,01
26,00	4,09
26,03	4,12
26,05	4,22
26,08	4,26
26,10	4,32
26,12	4,39
26,15	4,45
26,17	4,51
26,20	4,58
26,22	4,61
26,25	4,71
26,27	4,77
26,30	4,82
26,32	4,89
26,34	4,93
26,37	4,98
26,39	5,04
26,42	5,08
26,44	5,14
26,47	5,18
26,49	5,22
26,52	5,28
26,54	5,33
26,56	5,37
26,59	5,45
26,61	5,47
26,64	5,54
26,66	5,57
26,69	5,62
26,71	5,65
26,73	5,70
26,76	5,70
26,78	5,74
26,81	5,75
26,83	5,78
26,86	5,80
26,88	5,82
26,91	5,83
26,93	5,85
26,95	5,84
26,98	5,87
27,00	5,86
27,03	5,85
27,05	5,83
27,08	5,80
27,10	5,77
27,13	5,76
27,15	5,70
27,17	5,68
27,20	5,64
27,22	5,62
27,25	5,60
27,27	5,57
27,30	5,53
27,32	5,53
27,35	5,47
27,37	5,44
27,39	5,38
27,42	5,33
27,44	5,27
27,47	5,22
27,49	5,13
27,52	5,09
27,54	5,02
27,57	4,97
27,59	4,91
27,61	4,85
27,64	4,79
27,66	4,73
27,69	4,64
27,71	4,61
27,74	4,54
27,76	4,47
27,78	4,39
27,81	4,30
27,83	4,23
27,86	4,18
27,88	4,09
27,91	4,01
27,93	3,94
27,96	3,87
27,98	3,85
28,00	3,77
28,03	3,70
28,05	3,64
28,08	3,57
28,10	3,50
28,13	3,44
28,15	3,36
28,18	3,30
28,20	3,23
28,22	3,16
28,25	3,11
28,27	3,06
28,30	3,00
28,32	2,95
28,35	2,88
28,37	2,85
28,40	2,79
28,42	2,74
28,44	2,72
28,47	2,68
28,49	2,64
28,52	2,62
28,54	2,56
28,57	2,53
28,59	2,49
28,62	2,44
28,64	2,40
28,66	2,38
28,69	2,33
28,71	2,34
28,74	2,29
28,76	2,28
28,79	2,25
28,81	2,24
28,84	2,22
28,86	2,21
28,88	2,18
28,91	2,18
28,93	2,17
28,96	2,17
28,98	2,17
29,01	2,15
29,03	2,14
29,05	2,15
29,08	2,15
29,10	2,16
29,13	2,15
29,15	2,14
29,18	2,19
29,20	2,19
29,23	2,20
29,25	2,21
29,27	2,20
29,30	2,20
29,32	2,22
29,35	2,20
29,37	2,23
29,40	2,23
29,42	2,26
29,45	2,29
29,47	2,33
29,49	2,34
29,52	2,39
29,54	2,41
29,57	2,47
29,59	2,48
29,62	2,51
29,64	2,53
29,67	2,58
29,69	2,59
29,71	2,66
29,74	2,65
29,76	2,70
29,79	2,74
29,81	2,80
29,84	2,84
29,86	2,89
29,89	2,91
29,91	3,02
29,93	3,05
29,96	3,10
29,98	3,13
30,01	3,17
30,03	3,20
30,06	3,27
30,08	3,28
30,10	3,35
30,13	3,39
30,15	3,46
30,18	3,53
30,20	3,61
30,23	3,66
30,25	3,75
30,28	3,79
30,30	3,88
30,32	3,93
30,35	3,99
30,37	4,04
30,40	4,11
30,42	4,15
30,45	4,25
30,47	4,29
30,50	4,38
30,52	4,46
30,54	4,54
30,57	4,61
30,59	4,70
30,62	4,77
30,64	4,89
30,67	4,97
30,69	5,04
30,72	5,11
30,74	5,16
30,76	5,23
30,79	5,31
30,81	5,37
30,84	5,46
30,86	5,53
30,89	5,62
30,91	5,74
30,94	5,83
30,96	5,92
30,98	6,01
31,01	6,08
31,03	6,17
31,06	6,24
31,08	6,31
31,11	6,38
31,13	6,45
31,15	6,52
31,18	6,62
31,20	6,69
31,23	6,78
31,25	6,87
31,28	6,95
31,30	7,04
31,33	7,11
31,35	7,17
31,37	7,28
31,40	7,34
31,42	7,40
31,45	7,47
31,47	7,50
31,50	7,57
31,52	7,63
31,55	7,67
31,57	7,72
31,59	7,75
31,62	7,78
31,64	7,84
31,67	7,87
31,69	7,90
31,72	7,92
31,74	7,94
31,77	7,98
31,79	8,00
31,81	7,99
31,84	8,00
31,86	7,99
31,89	7,99
31,91	7,99
31,94	7,96
31,96	7,94
31,99	7,93
32,01	7,90
32,03	7,89
32,06	7,85
32,08	7,82
32,11	7,81
32,13	7,75
32,16	7,70
32,18	7,66
32,20	7,59
32,23	7,53
32,25	7,46
32,28	7,38
32,30	7,31
32,33	7,22
32,35	7,13
32,38	7,06
32,40	6,97
32,42	6,90
32,45	6,81
32,47	6,74
32,50	6,67
32,52	6,60
32,55	6,51
32,57	6,42
32,60	6,31
32,62	6,22
32,64	6,12
32,67	5,99
32,69	5,87
32,72	5,76
32,74	5,65
32,77	5,58
32,79	5,48
32,82	5,38
32,84	5,31
32,86	5,22
32,89	5,13
32,91	5,05
32,94	4,94
32,96	4,84
32,99	4,73
33,01	4,62
33,04	4,54
33,06	4,42
33,08	4,32
33,11	4,23
33,13	4,16
33,16	4,08
33,18	4,03
33,21	3,94
33,23	3,91
33,26	3,82
33,28	3,76
33,30	3,68
33,33	3,64
33,35	3,55
33,38	3,52
33,40	3,42
33,43	3,39
33,45	3,32
33,47	3,28
33,50	3,22
33,52	3,18
33,55	3,11
33,57	3,11
33,60	3,04
33,62	3,02
33,65	2,96
33,67	2,94
33,69	2,89
33,72	2,88
33,74	2,83
33,77	2,82
33,79	2,77
33,82	2,77
33,84	2,76
33,87	2,76
33,89	2,73
33,91	2,74
33,94	2,72
33,96	2,74
33,99	2,73
34,01	2,73
34,04	2,73
34,06	2,74
34,09	2,73
34,11	2,77
34,13	2,78
34,16	2,80
34,18	2,82
34,21	2,82
34,23	2,85
34,26	2,87
34,28	2,87
34,31	2,90
34,33	2,92
34,35	2,93
34,38	2,98
34,40	3,00
34,43	3,03
34,45	3,07
34,48	3,10
34,50	3,13
34,52	3,16
34,55	3,18
34,57	3,25
34,60	3,29
34,62	3,34
34,65	3,38
34,67	3,44
34,70	3,51
34,72	3,59
34,74	3,62
34,77	3,70
34,79	3,76
34,82	3,84
34,84	3,91
34,87	3,98
34,89	4,03
34,92	4,11
34,94	4,15
34,96	4,23
34,99	4,30
35,01	4,36
35,04	4,43
35,06	4,50
35,09	4,59
35,11	4,67
35,14	4,74
35,16	4,82
35,18	4,89
35,21	4,96
35,23	5,04
35,26	5,09
35,28	5,16
35,31	5,27
35,33	5,34
35,36	5,44
35,38	5,53
35,40	5,64
35,43	5,74
35,45	5,86
35,48	5,94
35,50	6,04
35,53	6,13
35,55	6,22
35,57	6,33
35,60	6,41
35,62	6,49
35,65	6,58
35,67	6,67
35,70	6,78
35,72	6,88
35,75	6,96
35,77	7,07
35,79	7,17
35,82	7,28
35,84	7,39
35,87	7,49
35,89	7,58
35,92	7,68
35,94	7,77
35,97	7,89
35,99	7,96
36,01	8,04
36,04	8,15
36,06	8,25
36,09	8,35
36,11	8,47
36,14	8,56
36,16	8,68
36,19	8,79
36,21	8,87
36,23	8,96
36,26	9,04
36,28	9,11
36,31	9,20
36,33	9,28
36,36	9,36
36,38	9,42
36,41	9,50
36,43	9,58
36,45	9,65
36,48	9,69
36,50	9,75
36,53	9,79
36,55	9,84
36,58	9,88
36,60	9,91
36,62	9,93
36,65	9,96
36,67	9,98
36,70	10,01
36,72	10,02
36,75	10,04
36,77	10,06
36,80	10,07
36,82	10,08
36,84	10,09
36,87	10,06
36,89	10,06
36,92	10,01
36,94	9,98
36,97	9,97
36,99	9,93
37,02	9,89
37,04	9,89
37,06	9,85
37,09	9,82
37,11	9,75
37,14	9,69
37,16	9,63
37,19	9,56
37,21	9,44
37,24	9,36
37,26	9,26
37,28	9,19
37,31	9,09
37,33	8,94
37,36	8,85
37,38	8,77
37,41	8,67
37,43	8,59
37,46	8,46
37,48	8,35
37,50	8,30
37,53	8,18
37,55	8,06
37,58	7,94
37,60	7,80
37,63	7,70
37,65	7,60
37,68	7,48
37,70	7,37
37,72	7,25
37,75	7,13
37,77	7,06
37,80	6,92
37,82	6,80
37,85	6,68
37,87	6,54
37,89	6,45
37,92	6,33
37,94	6,20
37,97	6,08
37,99	5,97
38,02	5,86
38,04	5,76
38,07	5,63
38,09	5,55
38,11	5,44
38,14	5,36
38,16	5,25
38,19	5,16
38,21	5,05
38,24	5,00
38,26	4,88
38,29	4,81
38,31	4,71
38,33	4,65
38,36	4,56
38,38	4,52
38,41	4,41
38,43	4,36
38,46	4,27
38,48	4,24
38,51	4,16
38,53	4,12
38,55	4,05
38,58	4,02
38,60	3,96
38,63	3,96
38,65	3,89
38,68	3,88
38,70	3,83
38,73	3,79
38,75	3,74
38,77	3,74
38,80	3,70
38,82	3,70
38,85	3,68
38,87	3,68
38,90	3,69
38,92	3,69
38,94	3,67
38,97	3,70
38,99	3,68
39,02	3,68
39,04	3,69
39,07	3,70
39,09	3,71
39,12	3,73
39,14	3,71
39,16	3,74
39,19	3,75
39,21	3,78
39,24	3,82
39,26	3,84
39,29	3,86
39,31	3,90
39,34	3,93
39,36	3,99
39,38	4,01
39,41	4,02
39,43	4,07
39,46	4,11
39,48	4,15
39,51	4,20
39,53	4,23
39,56	4,28
39,58	4,34
39,60	4,39
39,63	4,47
39,65	4,53
39,68	4,61
39,70	4,70
39,73	4,76
39,75	4,83
39,78	4,90
39,80	4,96
39,82	5,03
39,85	5,09
39,87	5,14
39,90	5,23
39,92	5,30
39,95	5,38
39,97	5,50
39,99	5,58
40,02	5,67
40,04	5,76
40,07	5,84
40,09	5,94
40,12	6,03
40,14	6,09
40,17	6,18
40,19	6,25
40,21	6,35
40,24	6,45
40,26	6,54
40,29	6,64
40,31	6,75
40,34	6,84
40,36	6,98
40,39	7,08
40,41	7,20
40,43	7,32
40,46	7,42
40,48	7,52
40,51	7,65
40,53	7,75
40,56	7,85
40,58	7,94
40,61	8,04
40,63	8,16
40,65	8,28
40,68	8,40
40,70	8,53
40,73	8,65
40,75	8,79
40,78	8,90
40,80	9,00
40,83	9,14
40,85	9,24
40,87	9,34
40,90	9,46
40,92	9,56
40,95	9,67
40,97	9,81
41,00	9,91
41,02	10,05
41,05	10,16
41,07	10,27
41,09	10,39
41,12	10,49
41,14	10,59
41,17	10,71
41,19	10,78
41,22	10,88
41,24	10,97
41,26	11,05
41,29	11,15
41,31	11,24
41,34	11,31
41,36	11,40
41,39	11,47
41,41	11,55
41,44	11,63
41,46	11,70
41,48	11,77
41,51	11,84
41,53	11,87
41,56	11,95
41,58	11,98
41,61	12,02
41,63	12,05
41,66	12,06
41,68	12,06
41,70	12,11
41,73	12,09
41,75	12,13
41,78	12,11
41,80	12,12
41,83	12,13
41,85	12,14
41,88	12,14
41,90	12,18
41,92	12,13
41,95	12,15
41,97	12,11
42,00	12,09
42,02	12,04
42,05	12,00
42,07	11,90
42,10	11,88
42,12	11,77
42,14	11,71
42,17	11,64
42,19	11,59
42,22	11,50
42,24	11,44
42,27	11,34
42,29	11,33
42,31	11,22
42,34	11,14
42,36	11,02
42,39	10,91
42,41	10,79
42,44	10,68
42,46	10,53
42,49	10,42
42,51	10,28
42,53	10,19
42,56	10,09
42,58	9,99
42,61	9,87
42,63	9,79
42,66	9,68
42,68	9,57
42,71	9,44
42,73	9,32
42,75	9,18
42,78	9,05
42,80	8,88
42,83	8,77
42,85	8,62
42,88	8,51
42,90	8,40
42,93	8,30
42,95	8,19
42,97	8,08
43,00	7,97
43,02	7,91
43,05	7,80
43,07	7,66
43,10	7,55
43,12	7,40
43,15	7,31
43,17	7,19
43,19	7,07
43,22	6,96
43,24	6,86
43,27	6,76
43,29	6,73
43,32	6,62
43,34	6,55
43,36	6,47
43,39	6,40
43,41	6,31
43,44	6,26
43,46	6,15
43,49	6,09
43,51	5,99
43,54	5,93
43,56	5,86
43,58	5,81
43,61	5,75
43,63	5,72
43,66	5,66
43,68	5,63
43,71	5,57
43,73	5,53
43,76	5,52
43,78	5,48
43,80	5,42
43,83	5,42
43,85	5,36
43,88	5,35
43,90	5,33
43,93	5,30
43,95	5,29
43,98	5,28
44,00	5,26
44,02	5,30
44,05	5,28
44,07	5,28
44,10	5,29
44,12	5,30
44,15	5,31
44,17	5,33
44,20	5,32
44,22	5,36
44,24	5,38
44,27	5,39
44,29	5,42
44,32	5,43
44,34	5,45
44,37	5,49
44,39	5,51
44,41	5,55
44,44	5,60
44,46	5,63
44,49	5,71
44,51	5,77
44,54	5,82
44,56	5,89
44,59	5,93
44,61	5,98
44,63	6,04
44,66	6,08
44,68	6,14
44,71	6,19
44,73	6,25
44,76	6,34
44,78	6,42
44,81	6,51
44,83	6,60
44,85	6,68
44,88	6,79
44,90	6,89
44,93	6,97
44,95	7,07
44,98	7,15
45,00	7,23
45,03	7,34
45,05	7,42
45,07	7,50
45,10	7,60
45,12	7,70
45,15	7,81
45,17	7,93
45,20	8,03
45,22	8,18
45,25	8,29
45,27	8,40
45,29	8,53
45,32	8,63
45,34	8,73
45,37	8,84
45,39	8,92
45,42	9,05
45,44	9,15
45,47	9,26
45,49	9,40
45,51	9,53
45,54	9,67
45,56	9,81
45,59	9,94
45,61	10,09
45,64	10,23
45,66	10,36
45,68	10,47
45,71	10,60
45,73	10,72
45,76	10,86
45,78	10,95
45,81	11,08
45,83	11,22
45,86	11,37
45,88	11,51
45,90	11,65
45,93	11,78
45,95	11,98
45,98	12,12
46,00	12,23
46,03	12,35
46,05	12,46
46,08	12,58
46,10	12,70
46,12	12,79
46,15	12,89
46,17	13,02
46,20	13,13
46,22	13,27
46,25	13,38
46,27	13,51
46,30	13,62
46,32	13,75
46,34	13,87
46,37	14,00
46,39	14,07
46,42	14,17
46,44	14,24
46,47	14,32
46,49	14,40
46,52	14,46
46,54	14,53
46,56	14,64
46,59	14,69
46,61	14,79
46,64	14,84
46,66	14,90
46,69	14,97
46,71	15,03
46,73	15,04
46,76	15,11
46,78	15,12
46,81	15,18
46,83	15,20
46,86	15,23
46,88	15,25
46,91	15,26
46,93	15,25
46,95	15,28
46,98	15,25
47,00	15,26
47,03	15,23
47,05	15,24
47,08	15,22
47,10	15,23
47,13	15,18
47,15	15,19
47,17	15,14
47,20	15,12
47,22	15,08
47,25	15,04
47,27	14,96
47,30	14,93
47,32	14,84
47,35	14,79
47,37	14,71
47,39	14,64
47,42	14,58
47,44	14,52
47,47	14,44
47,49	14,40
47,52	14,30
47,54	14,23
47,57	14,13
47,59	14,02
47,61	13,93
47,64	13,82
47,66	13,70
47,69	13,61
47,71	13,50
47,74	13,40
47,76	13,33
47,78	13,25
47,81	13,16
47,83	13,08
47,86	12,96
47,88	12,86
47,91	12,76
47,93	12,65
47,96	12,54
47,98	12,42
48,00	12,31
48,03	12,21
48,05	12,10
48,08	12,01
48,10	11,91
48,13	11,81
48,15	11,72
48,18	11,64
48,20	11,55
48,22	11,47
48,25	11,37
48,27	11,28
48,30	11,19
48,32	11,09
48,35	11,02
48,37	10,92
48,40	10,85
48,42	10,80
48,44	10,72
48,47	10,67
48,49	10,63
48,52	10,57
48,54	10,55
48,57	10,49
48,59	10,44
48,62	10,41
48,64	10,38
48,66	10,34
48,69	10,33
48,71	10,31
48,74	10,32
48,76	10,30
48,79	10,32
48,81	10,36
48,84	16,04
48,86	21,69
48,88	27,37
48,91	33,03
48,93	38,71
48,96	44,37
48,98	50,00
49,01	50,00
49,03	50,00
49,05	50,00
49,08	50,00
49,10	50,00
49,13	50,00
49,15	50,00
49,18	50,00
49,20	50,00
49,23	50,00
49,25	50,00
49,27	50,00
49,30	50,00
49,32	50,00
49,35	50,00
49,37	50,00
49,40	50,00
49,42	50,00
49,45	50,00
49,47	50,00
49,49	50,00
49,52	50,00
49,54	50,00
49,57	50,00
49,59	50,00
49,62	50,00
49,64	50,00
49,67	50,00
49,69	50,00
49,71	50,00
49,74	50,00
49,76	50,00
49,79	50,00
49,81	50,00
49,84	50,00
49,86	50,00
49,89	50,00
49,91	50,00
49,93	50,00
49,96	50,00
49,98	50,00
50,01	50,00
50,03	50,00
50,06	50,00
50,08	50,00
50,10	50,00
50,13	50,00
50,15	50,00
50,18	50,00
50,20	50,00
50,23	50,00
50,25	50,00
50,28	50,00
50,30	50,00
50,32	50,00
50,35	50,00
50,37	50,00
50,40	50,00
50,42	50,00
50,45	50,00
50,47	50,00
50,50	50,00
50,52	50,00
50,54	50,00
50,57	50,00
50,59	50,00
50,62	50,00
50,64	50,00
50,67	50,00
50,69	50,00
50,72	50,00
50,74	50,00
50,76	50,00
50,79	50,00
50,81	50,00
50,84	50,00
50,86	50,00
50,89	50,00
50,91	50,00
50,94	50,00
50,96	50,00
50,98	50,00
51,01	50,00
51,03	50,00
51,06	50,00
51,08	50,00
51,11	50,00
51,13	50,00
51,15	50,00
51,18	50,00
51,20	50,00
51,23	50,00
51,25	50,00
51,28	50,00
51,30	50,00
51,33	50,00
51,35	50,00
51,37	50,00
51,40	50,00
51,42	50,00
51,45	50,00
51,47	50,00
51,50	50,00
51,52	50,00
51,55	50,00
51,57	50,00
51,59	50,00
51,62	50,00
51,64	50,00
51,67	50,00
51,69	50,00
51,72	50,00
51,74	50,00
51,77	50,00
51,79	50,00
51,81	50,00
51,84	50,00
51,86	50,00
51,89	50,00
51,91	50,00
51,94	50,00
51,96	50,00
51,99	50,00
52,01	50,00
52,03	50,00
52,06	50,00
52,08	50,00
52,11	50,00
52,13	50,00
52,16	50,00
52,18	50,00
52,20	50,00
52,23	50,00
52,25	50,00
52,28	50,00
52,30	50,00
52,33	50,00
52,35	50,00
52,38	50,00
52,40	50,00
52,42	50,00
52,45	50,00
52,47	50,00
52,50	50,00
52,52	50,00
52,55	50,00
52,57	50,00
52,60	50,00
52,62	50,00
52,64	50,00
52,67	50,00
52,69	50,00
52,72	50,00
52,74	50,00
52,77	50,00
52,79	50,00
52,82	50,00
52,84	50,00
52,86	50,00
52,89	50,00
52,91	50,00
52,94	50,00
52,96	50,00
52,99	50,00
53,01	50,00
53,04	50,00
53,06	50,00
53,08	50,00
53,11	50,00
53,13	50,00
53,16	50,00
53,18	50,00
53,21	50,00
53,23	50,00
53,26	50,00
53,28	50,00
53,30	50,00
53,33	50,00
53,35	50,00
53,38	50,00
53,40	50,00
53,43	50,00
53,45	50,00
53,47	50,00
53,50	50,00
53,52	50,00
53,55	50,00
53,57	50,00
53,60	50,00
53,62	50,00
53,65	50,00
53,67	50,00
53,69	50,00
53,72	50,00
53,74	50,00
53,77	50,00
53,79	50,00
53,82	50,00
53,84	50,00
53,87	50,00
53,89	50,00
53,91	50,00
53,94	50,00
53,96	50,00
53,99	50,00
54,01	50,00
54,04	50,00
54,06	50,00
54,09	50,00
54,11	50,00
54,13	50,00
54,16	50,00
54,18	50,00
54,21	50,00
54,23	50,00
54,26	50,00
54,28	50,00
54,31	50,00
54,33	50,00
54,35	50,00
54,38	50,00
54,40	50,00
54,43	50,00
54,45	50,00
54,48	50,00
54,50	50,00
54,52	50,00
54,55	50,00
54,57	50,00
54,60	50,00
54,62	50,00
54,65	50,00
54,67	50,00
54,70	50,00
54,72	50,00
54,74	50,00
54,77	50,00
54,79	50,00
54,82	50,00
54,84	50,00
54,87	50,00
54,89	50,00
54,92	50,00
54,94	50,00
54,96	50,00
54,99	50,00
55,01	50,00
55,04	50,00
55,06	50,00
55,09	50,00
55,11	50,00
55,14	50,00
55,16	50,00
55,18	50,00
55,21	50,00
55,23	50,00
55,26	50,00
55,28	50,00
55,31	50,00
55,33	50,00
55,36	50,00
55,38	50,00
55,40	50,00
55,43	50,00
55,45	50,00
55,48	50,00
55,50	50,00
55,53	50,00
55,55	50,00
55,57	50,00
55,60	50,00
55,62	50,00
55,65	50,00
55,67	50,00
55,70	50,00
55,72	50,00
55,75	50,00
55,77	50,00
55,79	50,00
55,82	50,00
55,84	50,00
55,87	50,00
55,89	50,00
55,92	50,00
55,94	50,00
55,97	50,00
55,99	50,00
56,01	50,00
56,04	50,00
56,06	50,00
56,09	50,00
56,11	50,00
56,14	50,00
56,16	50,00
56,19	50,00
56,21	50,00
56,23	50,00
56,26	50,00
56,28	50,00
56,31	50,00
56,33	50,00
56,36	50,00
56,38	50,00
56,41	50,00
56,43	50,00
56,45	50,00
56,48	50,00
56,50	50,00
56,53	50,00
56,55	50,00
56,58	50,00
56,60	50,00
56,62	50,00
56,65	50,00
56,67	50,00
56,70	50,00
56,72	50,00
56,75	50,00
56,77	50,00
56,80	50,00
56,82	50,00
56,84	50,00
56,87	50,00
56,89	50,00
56,92	50,00
56,94	50,00
56,97	50,00
56,99	50,00
57,02	50,00
57,04	50,00
57,06	50,00
57,09	50,00
57,11	50,00
57,14	50,00
57,16	50,00
57,19	50,00
57,21	50,00
57,24	50,00
57,26	50,00
57,28	50,00
57,31	50,00
57,33	50,00
57,36	50,00
57,38	50,00
57,41	50,00
57,43	50,00
57,46	50,00
57,48	50,00
57,50	50,00
57,53	50,00
57,55	50,00
57,58	50,00
57,60	50,00
57,63	50,00
57,65	50,00
57,68	50,00
57,70	50,00
57,72	50,00
57,75	50,00
57,77	50,00
57,80	50,00
57,82	50,00
57,85	50,00
57,87	50,00
57,89	50,00
57,92	50,00
57,94	50,00
57,97	50,00
57,99	50,00
58,02	50,00
58,04	50,00
58,07	50,00
58,09	50,00
58,11	50,00
58,14	50,00
58,16	50,00
58,19	50,00
58,21	50,00
58,24	50,00
58,26	50,00
58,29	50,00
58,31	50,00
58,33	50,00
58,36	50,00
58,38	50,00
58,41	50,00
58,43	50,00
58,46	50,00
58,48	50,00
58,51	50,00
58,53	50,00
58,55	50,00
58,58	50,00
58,60	50,00
58,63	50,00
58,65	50,00
58,68	50,00
58,70	50,00
58,73	50,00
58,75	50,00
58,77	50,00
58,80	50,00
58,82	50,00
58,85	50,00
58,87	50,00
58,90	50,00
58,92	50,00
58,94	50,00
58,97	50,00
58,99	50,00
59,02	50,00
59,04	50,00
59,07	50,00
59,09	50,00
59,12	50,00
59,14	50,00
59,16	50,00
59,19	50,00
59,21	50,00
59,24	50,00
59,26	50,00
59,29	50,00
59,31	50,00
59,34	50,00
59,36	50,00
59,38	50,00
59,41	50,00
59,43	50,00
59,46	50,00
59,48	50,00
59,51	50,00
59,53	50,00
59,56	50,00
59,58	50,00
59,60	50,00
59,63	50,00
59,65	50,00
59,68	50,00
59,70	50,00
59,73	50,00
59,75	50,00
59,78	50,00
59,80	50,00
59,82	50,00
59,85	50,00
59,87	50,00
59,90	50,00
59,92	50,00
59,95	50,00
59,97	50,00
59,99	50,00
