Voltage U1	Corriente IA
U1/V	IA/nA

0,02	0,46
0,04	0,47
0,07	0,50
0,09	0,50
0,12	0,53
0,14	0,53
0,17	0,52
0,19	0,51
0,21	0,52
0,24	0,52
0,26	0,54
0,29	0,53
0,31	0,54
0,34	0,54
0,36	0,55
0,39	0,55
0,41	0,56
0,43	0,54
0,46	0,55
0,48	0,53
0,51	0,53
0,53	0,52
0,56	0,51
0,58	0,51
0,61	0,51
0,63	0,50
0,65	0,51
0,68	0,49
0,70	0,50
0,73	0,50
0,75	0,50
0,78	0,51
0,80	0,52
0,83	0,51
0,85	0,53
0,87	0,53
0,90	0,52
0,92	0,53
0,95	0,53
0,97	0,52
1,00	0,54
1,02	0,54
1,05	0,54
1,07	0,54
1,09	0,54
1,12	0,54
1,14	0,55
1,17	0,53
1,19	0,54
1,22	0,53
1,24	0,53
1,26	0,53
1,29	0,52
1,31	0,52
1,34	0,52
1,36	0,51
1,39	0,51
1,41	0,50
1,44	0,49
1,46	0,52
1,48	0,51
1,51	0,53
1,53	0,51
1,56	0,51
1,58	0,53
1,61	0,54
1,63	0,51
1,66	0,52
1,68	0,50
1,70	0,52
1,73	0,53
1,75	0,54
1,78	0,54
1,80	0,55
1,83	0,53
1,85	0,55
1,88	0,55
1,90	0,53
1,92	0,52
1,95	0,52
1,97	0,51
2,00	0,52
2,02	0,51
2,05	0,51
2,07	0,50
2,10	0,50
2,12	0,51
2,14	0,50
2,17	0,50
2,19	0,52
2,22	0,50
2,24	0,52
2,27	0,52
2,29	0,53
2,31	0,54
2,34	0,54
2,36	0,52
2,39	0,54
2,41	0,53
2,44	0,53
2,46	0,54
2,49	0,55
2,51	0,54
2,53	0,54
2,56	0,53
2,58	0,54
2,61	0,55
2,63	0,52
2,66	0,52
2,68	0,50
2,71	0,52
2,73	0,52
2,75	0,53
2,78	0,51
2,80	0,53
2,83	0,51
2,85	0,55
2,88	0,51
2,90	0,53
2,93	0,52
2,95	0,53
2,97	0,52
3,00	0,54
3,02	0,52
3,05	0,57
3,07	0,55
3,10	0,56
3,12	0,54
3,15	0,55
3,17	0,53
3,19	0,56
3,22	0,53
3,24	0,55
3,27	0,54
3,29	0,54
3,32	0,55
3,34	0,58
3,36	0,54
3,39	0,55
3,41	0,52
3,44	0,53
3,46	0,52
3,49	0,52
3,51	0,51
3,54	0,52
3,56	0,51
3,58	0,53
3,61	0,53
3,63	0,54
3,66	0,55
3,68	0,56
3,71	0,56
3,73	0,57
3,76	0,55
3,78	0,55
3,80	0,55
3,83	0,53
3,85	0,54
3,88	0,53
3,90	0,53
3,93	0,56
3,95	0,57
3,98	0,57
4,00	0,58
4,02	0,57
4,05	0,59
4,07	0,59
4,10	0,57
4,12	0,57
4,15	0,55
4,17	0,53
4,20	0,55
4,22	0,53
4,24	0,54
4,27	0,52
4,29	0,54
4,32	0,55
4,34	0,57
4,37	0,55
4,39	0,59
4,42	0,58
4,44	0,60
4,46	0,57
4,49	0,58
4,51	0,56
4,54	0,59
4,56	0,55
4,59	0,56
4,61	0,55
4,63	0,57
4,66	0,60
4,68	0,60
4,71	0,59
4,73	0,59
4,76	0,58
4,78	0,60
4,81	0,60
4,83	0,57
4,85	0,57
4,88	0,57
4,90	0,57
4,93	0,57
4,95	0,55
4,98	0,56
5,00	0,54
5,03	0,55
5,05	0,56
5,07	0,57
5,10	0,57
5,12	0,60
5,15	0,60
5,17	0,63
5,20	0,63
5,22	0,63
5,25	0,63
5,27	0,64
5,29	0,61
5,32	0,62
5,34	0,60
5,37	0,60
5,39	0,62
5,42	0,62
5,44	0,62
5,47	0,64
5,49	0,64
5,51	0,67
5,54	0,67
5,56	0,66
5,59	0,66
5,61	0,65
5,64	0,64
5,66	0,64
5,68	0,63
5,71	0,64
5,73	0,64
5,76	0,64
5,78	0,67
5,81	0,67
5,83	0,67
5,86	0,70
5,88	0,69
5,90	0,69
5,93	0,70
5,95	0,69
5,98	0,70
6,00	0,69
6,03	0,68
6,05	0,68
6,08	0,69
6,10	0,68
6,12	0,71
6,15	0,71
6,17	0,72
6,20	0,72
6,22	0,72
6,25	0,75
6,27	0,76
6,30	0,73
6,32	0,74
6,34	0,72
6,37	0,74
6,39	0,73
6,42	0,72
6,44	0,72
6,47	0,73
6,49	0,73
6,52	0,76
6,54	0,75
6,56	0,76
6,59	0,78
6,61	0,79
6,64	0,79
6,66	0,81
6,69	0,80
6,71	0,82
6,73	0,82
6,76	0,81
6,78	0,81
6,81	0,81
6,83	0,81
6,86	0,81
6,88	0,81
6,91	0,83
6,93	0,84
6,95	0,84
6,98	0,88
7,00	0,88
7,03	0,89
7,05	0,89
7,08	0,87
7,10	0,87
7,13	0,87
7,15	0,85
7,17	0,86
7,20	0,86
7,22	0,87
7,25	0,88
7,27	0,89
7,30	0,89
7,32	0,93
7,35	0,93
7,37	0,95
7,39	0,95
7,42	0,95
7,44	0,95
7,47	0,97
7,49	0,94
7,52	0,95
7,54	0,93
7,57	0,94
7,59	0,94
7,61	0,97
7,64	0,96
7,66	0,99
7,69	0,98
7,71	1,03
7,74	1,01
7,76	1,03
7,78	1,02
7,81	1,01
7,83	1,00
7,86	1,02
7,88	0,99
7,91	1,02
7,93	1,00
7,96	1,01
7,98	1,01
8,00	1,03
8,03	1,02
8,05	1,06
8,08	1,04
8,10	1,07
8,13	1,06
8,15	1,09
8,18	1,08
8,20	1,10
8,22	1,06
8,25	1,08
8,27	1,05
8,30	1,08
8,32	1,07
8,35	1,07
8,37	1,06
8,40	1,09
8,42	1,08
8,44	1,13
8,47	1,12
8,49	1,12
8,52	1,13
8,54	1,12
8,57	1,12
8,59	1,13
8,62	1,10
8,64	1,10
8,66	1,09
8,69	1,09
8,71	1,12
8,74	1,12
8,76	1,12
8,79	1,15
8,81	1,16
8,84	1,17
8,86	1,18
8,88	1,18
8,91	1,19
8,93	1,19
8,96	1,17
8,98	1,19
9,01	1,18
9,03	1,18
9,05	1,20
9,08	1,20
9,10	1,21
9,13	1,22
9,15	1,20
9,18	1,23
9,20	1,24
9,23	1,24
9,25	1,24
9,27	1,21
9,30	1,21
9,32	1,21
9,35	1,20
9,37	1,19
9,40	1,19
9,42	1,18
9,45	1,23
9,47	1,22
9,49	1,21
9,52	1,20
9,54	1,21
9,57	1,22
9,59	1,23
9,62	1,22
9,64	1,24
9,67	1,26
9,69	1,27
9,71	1,28
9,74	1,26
9,76	1,25
9,79	1,26
9,81	1,25
9,84	1,28
9,86	1,27
9,89	1,28
9,91	1,33
9,93	1,35
9,96	1,34
9,98	1,35
10,01	1,31
10,03	1,33
10,06	1,33
10,08	1,30
10,10	1,30
10,13	1,30
10,15	1,30
10,18	1,33
10,20	1,33
10,23	1,34
10,25	1,36
10,28	1,36
10,30	1,38
10,32	1,39
10,35	1,39
10,37	1,40
10,40	1,40
10,42	1,40
10,45	1,41
10,47	1,40
10,50	1,41
10,52	1,42
10,54	1,43
10,57	1,44
10,59	1,46
10,62	1,46
10,64	1,51
10,67	1,51
10,69	1,52
10,72	1,53
10,74	1,52
10,76	1,52
10,79	1,53
10,81	1,51
10,84	1,53
10,86	1,53
10,89	1,55
10,91	1,57
10,94	1,58
10,96	1,58
10,98	1,61
11,01	1,61
11,03	1,64
11,06	1,63
11,08	1,65
11,11	1,68
11,13	1,71
11,15	1,71
11,18	1,74
11,20	1,72
11,23	1,75
11,25	1,76
11,28	1,75
11,30	1,76
11,33	1,78
11,35	1,78
11,37	1,85
11,40	1,85
11,42	1,87
11,45	1,89
11,47	1,89
11,50	1,89
11,52	1,92
11,55	1,90
11,57	1,92
11,59	1,91
11,62	1,91
11,64	1,94
11,67	1,97
11,69	1,98
11,72	2,01
11,74	2,00
11,77	2,04
11,79	2,06
11,81	2,07
11,84	2,08
11,86	2,07
11,89	2,08
11,91	2,11
11,94	2,11
11,96	2,10
11,99	2,12
12,01	2,12
12,03	2,15
12,06	2,15
12,08	2,17
12,11	2,18
12,13	2,20
12,16	2,20
12,18	2,20
12,21	2,19
12,23	2,21
12,25	2,20
12,28	2,21
12,30	2,22
12,33	2,21
12,35	2,21
12,38	2,25
12,40	2,25
12,42	2,26
12,45	2,24
12,47	2,25
12,50	2,26
12,52	2,29
12,55	2,27
12,57	2,29
12,60	2,27
12,62	2,29
12,64	2,29
12,67	2,30
12,69	2,28
12,72	2,30
12,74	2,29
12,77	2,31
12,79	2,31
12,82	2,32
12,84	2,31
12,86	2,32
12,89	2,29
12,91	2,30
12,94	2,28
12,96	2,29
12,99	2,26
13,01	2,27
13,04	2,26
13,06	2,27
13,08	2,25
13,11	2,27
13,13	2,25
13,16	2,25
13,18	2,24
13,21	2,24
13,23	2,22
13,26	2,23
13,28	2,21
13,30	2,22
13,33	2,21
13,35	2,21
13,38	2,21
13,40	2,20
13,43	2,20
13,45	2,20
13,47	2,19
13,50	2,20
13,52	2,19
13,55	2,19
13,57	2,19
13,60	2,18
13,62	2,17
13,65	2,17
13,67	2,16
13,69	2,16
13,72	2,15
13,74	2,15
13,77	2,16
13,79	2,14
13,82	2,14
13,84	2,16
13,87	2,16
13,89	2,15
13,91	2,15
13,94	2,15
13,96	2,17
13,99	2,17
14,01	2,15
14,04	2,14
14,06	2,14
14,09	2,14
14,11	2,17
14,13	2,17
14,16	2,18
14,18	2,18
14,21	2,20
14,23	2,21
14,26	2,22
14,28	2,19
14,31	2,20
14,33	2,20
14,35	2,21
14,38	2,19
14,40	2,21
14,43	2,21
14,45	2,24
14,48	2,23
14,50	2,24
14,52	2,23
14,55	2,25
14,57	2,25
14,60	2,25
14,62	2,25
14,65	2,27
14,67	2,27
14,70	2,31
14,72	2,31
14,74	2,31
14,77	2,31
14,79	2,33
14,82	2,33
14,84	2,37
14,87	2,36
14,89	2,39
14,92	2,41
14,94	2,44
14,96	2,46
14,99	2,47
15,01	2,46
15,04	2,48
15,06	2,48
15,09	2,50
15,11	2,50
15,14	2,51
15,16	2,52
15,18	2,52
15,21	2,54
15,23	2,56
15,26	2,57
15,28	2,59
15,31	2,62
15,33	2,65
15,36	2,69
15,38	2,71
15,40	2,72
15,43	2,76
15,45	2,79
15,48	2,80
15,50	2,82
15,53	2,83
15,55	2,85
15,57	2,90
15,60	2,93
15,62	2,96
15,65	2,99
15,67	3,01
15,70	3,07
15,72	3,09
15,75	3,10
15,77	3,12
15,79	3,14
15,82	3,15
15,84	3,20
15,87	3,20
15,89	3,25
15,92	3,26
15,94	3,29
15,97	3,33
15,99	3,36
16,01	3,38
16,04	3,46
16,06	3,47
16,09	3,52
16,11	3,55
16,14	3,59
16,16	3,62
16,19	3,65
16,21	3,64
16,23	3,69
16,26	3,70
16,28	3,73
16,31	3,78
16,33	3,82
16,36	3,85
16,38	3,89
16,41	3,90
16,43	3,96
16,45	3,99
16,48	4,00
16,50	4,02
16,53	4,04
16,55	4,06
16,58	4,10
16,60	4,12
16,63	4,14
16,65	4,16
16,67	4,18
16,70	4,21
16,72	4,23
16,75	4,25
16,77	4,29
16,80	4,30
16,82	4,33
16,84	4,35
16,87	4,35
16,89	4,37
16,92	4,38
16,94	4,37
16,97	4,38
16,99	4,40
17,02	4,40
17,04	4,45
17,06	4,45
17,09	4,47
17,11	4,46
17,14	4,46
17,16	4,47
17,19	4,47
17,21	4,42
17,24	4,43
17,26	4,39
17,28	4,39
17,31	4,37
17,33	4,37
17,36	4,34
17,38	4,33
17,41	4,29
17,43	4,31
17,46	4,28
17,48	4,27
17,50	4,25
17,53	4,25
17,55	4,22
17,58	4,23
17,60	4,17
17,63	4,17
17,65	4,12
17,68	4,09
17,70	4,06
17,72	4,06
17,75	4,02
17,77	4,04
17,80	4,01
17,82	4,02
17,85	3,99
17,87	3,97
17,89	3,94
17,92	3,92
17,94	3,86
17,97	3,83
17,99	3,78
18,02	3,75
18,04	3,72
18,07	3,69
18,09	3,67
18,11	3,66
18,14	3,64
18,16	3,64
18,19	3,62
18,21	3,60
18,24	3,60
18,26	3,58
18,29	3,55
18,31	3,55
18,33	3,51
18,36	3,50
18,38	3,49
18,41	3,46
18,43	3,44
18,46	3,41
18,48	3,39
18,51	3,41
18,53	3,40
18,55	3,39
18,58	3,37
18,60	3,37
18,63	3,38
18,65	3,37
18,68	3,34
18,70	3,34
18,73	3,30
18,75	3,31
18,77	3,30
18,80	3,28
18,82	3,27
18,85	3,27
18,87	3,26
18,90	3,28
18,92	3,28
18,94	3,27
18,97	3,32
18,99	3,32
19,02	3,33
19,04	3,33
19,07	3,35
19,09	3,35
19,12	3,37
19,14	3,34
19,16	3,37
19,19	3,36
19,21	3,38
19,24	3,40
19,26	3,41
19,29	3,42
19,31	3,43
19,34	3,42
19,36	3,47
19,38	3,47
19,41	3,47
19,43	3,49
19,46	3,50
19,48	3,52
19,51	3,55
19,53	3,54
19,56	3,58
19,58	3,61
19,60	3,63
19,63	3,66
19,65	3,70
19,68	3,72
19,70	3,79
19,73	3,81
19,75	3,83
19,78	3,86
19,80	3,90
19,82	3,92
19,85	3,95
19,87	3,94
19,90	3,97
19,92	3,99
19,95	4,03
19,97	4,08
19,99	4,11
20,02	4,15
20,04	4,19
20,07	4,22
20,09	4,28
20,12	4,32
20,14	4,33
20,17	4,38
20,19	4,39
20,21	4,43
20,24	4,46
20,26	4,48
20,29	4,50
20,31	4,54
20,34	4,57
20,36	4,65
20,39	4,69
20,41	4,74
20,43	4,81
20,46	4,86
20,48	4,90
20,51	4,97
20,53	4,99
20,56	5,05
20,58	5,09
20,61	5,12
20,63	5,16
20,65	5,20
20,68	5,24
20,70	5,30
20,73	5,34
20,75	5,40
20,78	5,44
20,80	5,50
20,83	5,58
20,85	5,65
20,87	5,68
20,90	5,75
20,92	5,77
20,95	5,82
20,97	5,86
21,00	5,90
21,02	5,93
21,05	5,99
21,07	6,02
21,09	6,12
21,12	6,17
21,14	6,24
21,17	6,30
21,19	6,38
21,22	6,43
21,24	6,51
21,26	6,53
21,29	6,59
21,31	6,63
21,34	6,66
21,36	6,70
21,39	6,75
21,41	6,78
21,44	6,84
21,46	6,88
21,48	6,94
21,51	6,99
21,53	7,04
21,56	7,08
21,58	7,12
21,61	7,15
21,63	7,18
21,66	7,17
21,68	7,18
21,70	7,19
21,73	7,20
21,75	7,23
21,78	7,24
21,80	7,24
21,83	7,27
21,85	7,28
21,88	7,27
21,90	7,29
21,92	7,26
21,95	7,26
21,97	7,24
22,00	7,23
22,02	7,20
22,05	7,19
22,07	7,15
22,10	7,15
22,12	7,10
22,14	7,07
22,17	7,04
22,19	7,01
22,22	6,98
22,24	6,94
22,27	6,89
22,29	6,89
22,31	6,84
22,34	6,80
22,36	6,76
22,39	6,69
22,41	6,64
22,44	6,60
22,46	6,52
22,49	6,49
22,51	6,42
22,53	6,37
22,56	6,32
22,58	6,28
22,61	6,21
22,63	6,20
22,66	6,14
22,68	6,12
22,71	6,07
22,73	6,03
22,75	5,98
22,78	5,94
22,80	5,86
22,83	5,82
22,85	5,72
22,88	5,67
22,90	5,61
22,93	5,55
22,95	5,50
22,97	5,47
23,00	5,41
23,02	5,44
23,05	5,39
23,07	5,36
23,10	5,32
23,12	5,27
23,15	5,22
23,17	5,19
23,19	5,10
23,22	5,07
23,24	5,02
23,27	4,99
23,29	4,99
23,32	4,97
23,34	4,95
23,36	4,94
23,39	4,90
23,41	4,90
23,44	4,88
23,46	4,86
23,49	4,84
23,51	4,82
23,54	4,80
23,56	4,82
23,58	4,80
23,61	4,79
23,63	4,78
23,66	4,78
23,68	4,79
23,71	4,80
23,73	4,78
23,76	4,82
23,78	4,82
23,80	4,83
23,83	4,83
23,85	4,82
23,88	4,83
23,90	4,86
23,93	4,85
23,95	4,88
23,98	4,88
24,00	4,89
24,02	4,93
24,05	4,94
24,07	4,96
24,10	4,97
24,12	4,98
24,15	5,02
24,17	5,06
24,20	5,07
24,22	5,11
24,24	5,14
24,27	5,18
24,29	5,23
24,32	5,25
24,34	5,28
24,37	5,31
24,39	5,32
24,42	5,36
24,44	5,39
24,46	5,42
24,49	5,49
24,51	5,53
24,54	5,56
24,56	5,63
24,59	5,65
24,61	5,70
24,63	5,73
24,66	5,77
24,68	5,83
24,71	5,89
24,73	5,92
24,76	6,00
24,78	6,06
24,81	6,12
24,83	6,17
24,85	6,23
24,88	6,28
24,90	6,35
24,93	6,37
24,95	6,43
24,98	6,47
25,00	6,53
25,03	6,60
25,05	6,64
25,07	6,68
25,10	6,74
25,12	6,80
25,15	6,87
25,17	6,93
25,20	6,96
25,22	7,06
25,25	7,11
25,27	7,20
25,29	7,26
25,32	7,33
25,34	7,38
25,37	7,47
25,39	7,52
25,42	7,61
25,44	7,65
25,47	7,72
25,49	7,78
25,51	7,85
25,54	7,90
25,56	7,98
25,59	8,04
25,61	8,14
25,64	8,21
25,66	8,29
25,68	8,37
25,71	8,46
25,73	8,52
25,76	8,63
25,78	8,66
25,81	8,74
25,83	8,80
25,86	8,87
25,88	8,94
25,90	9,02
25,93	9,07
25,95	9,20
25,98	9,27
26,00	9,35
26,03	9,43
26,05	9,51
26,08	9,58
26,10	9,66
26,12	9,69
26,15	9,78
26,17	9,82
26,20	9,90
26,22	9,96
26,25	10,03
26,27	10,07
26,30	10,17
26,32	10,21
26,34	10,30
26,37	10,35
26,39	10,40
26,42	10,44
26,44	10,50
26,47	10,52
26,49	10,59
26,52	10,59
26,54	10,62
26,56	10,65
26,59	10,68
26,61	10,70
26,64	10,81
26,66	10,79
26,69	10,84
26,71	10,84
26,73	10,84
26,76	10,84
26,78	10,84
26,81	10,76
26,83	10,77
26,86	10,75
26,88	10,74
26,91	10,69
26,93	10,67
26,95	10,66
26,98	10,63
27,00	10,59
27,03	10,56
27,05	10,50
27,08	10,49
27,10	10,44
27,13	10,38
27,15	10,33
27,17	10,29
27,20	10,22
27,22	10,19
27,25	10,11
27,27	10,06
27,30	9,99
27,32	9,92
27,35	9,85
27,37	9,78
27,39	9,69
27,42	9,64
27,44	9,55
27,47	9,47
27,49	9,39
27,52	9,30
27,54	9,24
27,57	9,15
27,59	9,07
27,61	8,98
27,64	8,88
27,66	8,79
27,69	8,73
27,71	8,63
27,74	8,56
27,76	8,47
27,78	8,40
27,81	8,33
27,83	8,28
27,86	8,18
27,88	8,12
27,91	8,04
27,93	7,99
27,96	7,93
27,98	7,88
28,00	7,79
28,03	7,74
28,05	7,67
28,08	7,62
28,10	7,55
28,13	7,48
28,15	7,43
28,18	7,38
28,20	7,33
28,22	7,30
28,25	7,26
28,27	7,23
28,30	7,19
28,32	7,16
28,35	7,12
28,37	7,09
28,40	7,06
28,42	7,06
28,44	7,03
28,47	7,02
28,49	7,01
28,52	7,01
28,54	7,01
28,57	7,00
28,59	6,98
28,62	6,99
28,64	6,99
28,66	6,99
28,69	7,00
28,71	7,01
28,74	7,02
28,76	7,04
28,79	7,05
28,81	7,09
28,84	7,11
28,86	7,12
28,88	7,15
28,91	7,16
28,93	7,18
28,96	7,21
28,98	7,21
29,01	7,24
29,03	7,26
29,05	7,29
29,08	7,35
29,10	7,37
29,13	7,42
29,15	7,47
29,18	7,52
29,20	7,57
29,23	7,62
29,25	7,66
29,27	7,74
29,30	7,78
29,32	7,82
29,35	7,86
29,37	7,92
29,40	7,95
29,42	8,03
29,45	8,06
29,47	8,14
29,49	8,21
29,52	8,30
29,54	8,37
29,57	8,44
29,59	8,48
29,62	8,56
29,64	8,59
29,67	8,65
29,69	8,68
29,71	8,74
29,74	8,79
29,76	8,86
29,79	8,92
29,81	9,02
29,84	9,06
29,86	9,16
29,89	9,26
29,91	9,36
29,93	9,44
29,96	9,53
29,98	9,58
30,01	9,68
30,03	9,74
30,06	9,81
30,08	9,88
30,10	9,96
30,13	10,04
30,15	10,16
30,18	10,25
30,20	10,35
30,23	10,45
30,25	10,53
30,28	10,63
30,30	10,71
30,32	10,78
30,35	10,86
30,37	10,94
30,40	11,00
30,42	11,10
30,45	11,17
30,47	11,28
30,50	11,37
30,52	11,48
30,54	11,58
30,57	11,67
30,59	11,75
30,62	11,88
30,64	11,97
30,67	12,07
30,69	12,15
30,72	12,26
30,74	12,37
30,76	12,48
30,79	12,54
30,81	12,65
30,84	12,74
30,86	12,84
30,89	12,95
30,91	13,05
30,94	13,14
30,96	13,25
30,98	13,35
31,01	13,46
31,03	13,54
31,06	13,60
31,08	13,70
31,11	13,78
31,13	13,86
31,15	13,94
31,18	13,99
31,20	14,07
31,23	14,15
31,25	14,23
31,28	14,30
31,30	14,35
31,33	14,42
31,35	14,52
31,37	14,58
31,40	14,65
31,42	14,69
31,45	14,75
31,47	14,81
31,50	14,85
31,52	14,88
31,55	14,94
31,57	14,94
31,59	14,98
31,62	15,03
31,64	15,06
31,67	15,09
31,69	15,12
31,72	15,12
31,74	15,16
31,77	15,16
31,79	15,13
31,81	15,12
31,84	15,08
31,86	15,05
31,89	15,04
31,91	14,99
31,94	14,97
31,96	14,92
31,99	14,88
32,01	14,85
32,03	14,80
32,06	14,75
32,08	14,72
32,11	14,64
32,13	14,61
32,16	14,54
32,18	14,48
32,20	14,41
32,23	14,34
32,25	14,22
32,28	14,15
32,30	14,03
32,33	13,93
32,35	13,85
32,38	13,74
32,40	13,64
32,42	13,55
32,45	13,44
32,47	13,37
32,50	13,27
32,52	13,13
32,55	13,02
32,57	12,88
32,60	12,77
32,62	12,65
32,64	12,51
32,67	12,38
32,69	12,25
32,72	12,12
32,74	12,04
32,77	11,92
32,79	11,81
32,82	11,72
32,84	11,63
32,86	11,53
32,89	11,46
32,91	11,34
32,94	11,23
32,96	11,13
32,99	11,02
33,01	10,91
33,04	10,82
33,06	10,71
33,08	10,65
33,11	10,57
33,13	10,50
33,16	10,42
33,18	10,36
33,21	10,32
33,23	10,27
33,26	10,19
33,28	10,15
33,30	10,07
33,33	10,02
33,35	9,97
33,38	9,92
33,40	9,88
33,43	9,86
33,45	9,82
33,47	9,82
33,50	9,79
33,52	9,79
33,55	9,77
33,57	9,77
33,60	9,75
33,62	9,76
33,65	9,74
33,67	9,74
33,69	9,74
33,72	9,75
33,74	9,76
33,77	9,76
33,79	9,76
33,82	9,79
33,84	9,81
33,87	9,83
33,89	9,86
33,91	9,88
33,94	9,94
33,96	9,97
33,99	10,00
34,01	10,04
34,04	10,05
34,06	10,08
34,09	10,14
34,11	10,16
34,13	10,22
34,16	10,25
34,18	10,30
34,21	10,37
34,23	10,43
34,26	10,47
34,28	10,56
34,31	10,60
34,33	10,70
34,35	10,75
34,38	10,81
34,40	10,87
34,43	10,96
34,45	10,98
34,48	11,07
34,50	11,10
34,52	11,18
34,55	11,25
34,57	11,33
34,60	11,40
34,62	11,49
34,65	11,54
34,67	11,67
34,70	11,73
34,72	11,84
34,74	11,92
34,77	12,00
34,79	12,10
34,82	12,22
34,84	12,28
34,87	12,39
34,89	12,44
34,92	12,53
34,94	12,63
34,96	12,72
34,99	12,78
35,01	12,92
35,04	12,99
35,06	13,12
35,09	13,21
35,11	13,33
35,14	13,43
35,16	13,55
35,18	13,60
35,21	13,73
35,23	13,81
35,26	13,92
35,28	14,00
35,31	14,10
35,33	14,19
35,36	14,32
35,38	14,43
35,40	14,58
35,43	14,68
35,45	14,80
35,48	14,93
35,50	15,03
35,53	15,15
35,55	15,26
35,57	15,34
35,60	15,44
35,62	15,53
35,65	15,63
35,67	15,75
35,70	15,85
35,72	15,98
35,75	16,11
35,77	16,25
35,79	16,39
35,82	16,52
35,84	16,63
35,87	16,74
35,89	16,84
35,92	16,94
35,94	17,05
35,97	17,12
35,99	17,22
36,01	17,33
36,04	17,42
36,06	17,54
36,09	17,66
36,11	17,74
36,14	17,89
36,16	18,00
36,19	18,09
36,21	18,18
36,23	18,24
36,26	18,32
36,28	18,41
36,31	18,46
36,33	18,53
36,36	18,60
36,38	18,67
36,41	18,76
36,43	18,81
36,45	18,88
36,48	18,98
36,50	19,04
36,53	19,11
36,55	19,18
36,58	19,23
36,60	19,29
36,62	19,32
36,65	19,32
36,67	19,36
36,70	19,37
36,72	19,37
36,75	19,41
36,77	19,41
36,80	19,44
36,82	19,46
36,84	19,46
36,87	19,50
36,89	19,51
36,92	19,49
36,94	19,49
36,97	19,44
36,99	19,42
37,02	19,37
37,04	19,32
37,06	19,26
37,09	19,20
37,11	19,13
37,14	19,09
37,16	19,02
37,19	18,96
37,21	18,88
37,24	18,81
37,26	18,72
37,28	18,66
37,31	18,57
37,33	18,48
37,36	18,37
37,38	18,26
37,41	18,15
37,43	18,03
37,46	17,89
37,48	17,78
37,50	17,64
37,53	17,53
37,55	17,39
37,58	17,25
37,60	17,15
37,63	17,02
37,65	16,88
37,68	16,77
37,70	16,61
37,72	16,47
37,75	16,35
37,77	16,19
37,80	16,06
37,82	15,92
37,85	15,78
37,87	15,65
37,89	15,53
37,92	15,38
37,94	15,30
37,97	15,14
37,99	15,06
38,02	14,93
38,04	14,84
38,07	14,71
38,09	14,63
38,11	14,51
38,14	14,45
38,16	14,29
38,19	14,22
38,21	14,11
38,24	14,05
38,26	13,96
38,29	13,89
38,31	13,78
38,33	13,79
38,36	13,71
38,38	13,66
38,41	13,59
38,43	13,54
38,46	13,49
38,48	13,47
38,51	13,39
38,53	13,36
38,55	13,31
38,58	13,29
38,60	13,27
38,63	13,27
38,65	13,24
38,68	13,25
38,70	13,22
38,73	13,23
38,75	13,23
38,77	13,24
38,80	13,24
38,82	13,24
38,85	13,23
38,87	13,27
38,90	13,27
38,92	13,30
38,94	13,31
38,97	13,34
38,99	13,37
39,02	13,41
39,04	13,44
39,07	13,51
39,09	13,54
39,12	13,57
39,14	13,62
39,16	13,65
39,19	13,71
39,21	13,75
39,24	13,80
39,26	13,85
39,29	13,92
39,31	13,98
39,34	14,06
39,36	14,10
39,38	14,16
39,41	14,22
39,43	14,28
39,46	14,34
39,48	14,42
39,51	14,47
39,53	14,57
39,56	14,64
39,58	14,74
39,60	14,84
39,63	14,92
39,65	15,01
39,68	15,12
39,70	15,20
39,73	15,31
39,75	15,40
39,78	15,46
39,80	15,59
39,82	15,68
39,85	15,77
39,87	15,88
39,90	15,96
39,92	16,09
39,95	16,20
39,97	16,31
39,99	16,42
40,02	16,52
40,04	16,62
40,07	16,74
40,09	16,83
40,12	16,94
40,14	17,03
40,17	17,12
40,19	17,24
40,21	17,36
40,24	17,47
40,26	17,60
40,29	17,72
40,31	17,85
40,34	18,00
40,36	18,13
40,39	18,25
40,41	18,39
40,43	18,50
40,46	18,62
40,48	18,75
40,51	18,83
40,53	18,97
40,56	19,08
40,58	19,20
40,61	19,34
40,63	19,47
40,65	19,61
40,68	19,76
40,70	19,89
40,73	20,04
40,75	20,15
40,78	20,28
40,80	20,41
40,83	20,53
40,85	20,64
40,87	20,78
40,90	20,89
40,92	21,03
40,95	21,17
40,97	21,30
41,00	21,44
41,02	21,59
41,05	21,70
41,07	21,85
41,09	21,95
41,12	22,06
41,14	22,16
41,17	22,26
41,19	22,36
41,22	22,46
41,24	22,54
41,26	22,67
41,29	22,78
41,31	22,89
41,34	23,01
41,36	23,12
41,39	23,23
41,41	23,33
41,44	23,44
41,46	23,54
41,48	23,61
41,51	23,69
41,53	23,78
41,56	23,86
41,58	23,93
41,61	24,00
41,63	24,05
41,66	24,15
41,68	24,19
41,70	24,24
41,73	24,28
41,75	24,34
41,78	24,36
41,80	24,42
41,83	24,42
41,85	24,47
41,88	24,49
41,90	24,52
41,92	24,53
41,95	24,55
41,97	24,53
42,00	24,54
42,02	24,52
42,05	24,50
42,07	24,47
42,10	24,43
42,12	24,39
42,14	24,35
42,17	24,29
42,19	24,27
42,22	24,19
42,24	24,13
42,27	24,09
42,29	24,02
42,31	23,94
42,34	23,87
42,36	23,77
42,39	23,71
42,41	23,61
42,44	23,51
42,46	23,41
42,49	23,30
42,51	23,22
42,53	23,15
42,56	23,03
42,58	22,92
42,61	22,79
42,63	22,67
42,66	22,56
42,68	22,41
42,71	22,25
42,73	22,13
42,75	22,00
42,78	21,86
42,80	21,74
42,83	21,60
42,85	21,48
42,88	21,37
42,90	21,25
42,93	21,11
42,95	20,98
42,97	20,86
43,00	20,78
43,02	20,65
43,05	20,53
43,07	20,39
43,10	20,29
43,12	20,18
43,15	20,10
43,17	19,96
43,19	19,86
43,22	19,73
43,24	19,67
43,27	19,59
43,29	19,52
43,32	19,41
43,34	19,35
43,36	19,25
43,39	19,21
43,41	19,11
43,44	19,02
43,46	18,95
43,49	18,89
43,51	18,81
43,54	18,78
43,56	18,70
43,58	18,67
43,61	18,62
43,63	18,58
43,66	18,54
43,68	18,51
43,71	18,45
43,73	18,45
43,76	18,39
43,78	18,39
43,80	18,38
43,83	18,38
43,85	18,38
43,88	18,39
43,90	18,36
43,93	18,39
43,95	18,39
43,98	18,40
44,00	18,43
44,02	18,44
44,05	18,47
44,07	18,51
44,10	18,54
44,12	18,59
44,15	18,63
44,17	18,65
44,20	18,70
44,22	18,73
44,24	18,77
44,27	18,81
44,29	18,84
44,32	18,88
44,34	18,93
44,37	18,98
44,39	19,05
44,41	19,09
44,44	19,16
44,46	19,26
44,49	19,34
44,51	19,42
44,54	19,52
44,56	19,60
44,59	19,71
44,61	19,80
44,63	19,86
44,66	19,97
44,68	20,06
44,71	20,13
44,73	20,25
44,76	20,33
44,78	20,44
44,81	20,55
44,83	20,64
44,85	20,77
44,88	20,89
44,90	21,00
44,93	21,14
44,95	21,24
44,98	21,35
45,00	21,46
45,03	21,56
45,05	21,67
45,07	21,77
45,10	21,87
45,12	22,02
45,15	22,17
45,17	22,32
45,20	22,48
45,22	22,62
45,25	22,77
45,27	22,93
45,29	23,07
45,32	23,21
45,34	23,32
45,37	23,42
45,39	23,55
45,42	23,68
45,44	23,81
45,47	23,96
45,49	24,10
45,51	24,30
45,54	24,49
45,56	24,66
45,59	24,83
45,61	24,98
45,64	25,13
45,66	25,29
45,68	25,38
45,71	25,51
45,73	25,65
45,76	25,80
45,78	25,98
45,81	26,12
45,83	26,28
45,86	26,46
45,88	26,62
45,90	26,78
45,93	26,97
45,95	27,13
45,98	27,32
46,00	27,49
46,03	27,64
46,05	27,79
46,08	27,96
46,10	28,06
46,12	28,20
46,15	28,31
46,17	28,48
46,20	28,68
46,22	28,86
46,25	29,03
46,27	29,22
46,30	29,39
46,32	29,59
46,34	29,75
46,37	29,88
46,39	30,00
46,42	30,12
46,44	30,24
46,47	30,38
46,49	30,49
46,52	30,62
46,54	30,74
46,56	30,88
46,59	31,04
46,61	31,16
46,64	31,27
46,66	31,41
46,69	31,53
46,71	31,67
46,73	31,78
46,76	31,90
46,78	32,03
46,81	32,15
46,83	32,22
46,86	32,33
46,88	32,42
46,91	32,53
46,93	32,61
46,95	32,70
46,98	32,76
47,00	32,88
47,03	32,92
47,05	32,99
47,08	33,02
47,10	33,09
47,13	33,11
47,15	33,17
47,17	33,20
47,20	33,27
47,22	33,30
47,25	33,35
47,27	33,35
47,30	33,39
47,32	33,41
47,35	33,45
47,37	33,45
47,39	33,49
47,42	33,48
47,44	33,49
47,47	33,49
47,49	33,49
47,52	33,47
47,54	33,45
47,57	33,41
47,59	33,41
47,61	33,40
47,64	33,38
47,66	33,40
47,69	33,39
47,71	33,36
47,74	33,33
47,76	33,30
47,78	33,30
47,81	33,28
47,83	33,20
47,86	33,17
47,88	33,14
47,91	33,13
47,93	33,12
47,96	33,07
47,98	33,06
48,00	33,06
48,03	33,05
48,05	33,10
48,08	33,12
48,10	33,16
48,13	33,24
48,15	33,32
48,18	33,43
48,20	35,85
48,22	38,23
48,25	40,64
48,27	43,01
48,30	45,35
48,32	47,69
48,35	50,00
48,37	50,00
48,40	50,00
48,42	50,00
48,44	50,00
48,47	50,00
48,49	50,00
48,52	50,00
48,54	50,00
48,57	50,00
48,59	50,00
48,62	50,00
48,64	50,00
48,66	50,00
48,69	50,00
48,71	50,00
48,74	50,00
48,76	50,00
48,79	50,00
48,81	50,00
48,84	50,00
48,86	50,00
48,88	50,00
48,91	50,00
48,93	50,00
48,96	50,00
48,98	50,00
49,01	50,00
49,03	50,00
49,05	50,00
49,08	50,00
49,10	50,00
49,13	50,00
49,15	50,00
49,18	50,00
49,20	50,00
49,23	50,00
49,25	50,00
49,27	50,00
49,30	50,00
49,32	50,00
49,35	50,00
49,37	50,00
49,40	50,00
49,42	50,00
49,45	50,00
49,47	50,00
49,49	50,00
49,52	50,00
49,54	50,00
49,57	50,00
49,59	50,00
49,62	50,00
49,64	50,00
49,67	50,00
49,69	50,00
49,71	50,00
49,74	50,00
49,76	50,00
49,79	50,00
49,81	50,00
49,84	50,00
49,86	50,00
49,89	50,00
49,91	50,00
49,93	50,00
49,96	50,00
49,98	50,00
50,01	50,00
50,03	50,00
50,06	50,00
50,08	50,00
50,10	50,00
50,13	50,00
50,15	50,00
50,18	50,00
50,20	50,00
50,23	50,00
50,25	50,00
50,28	50,00
50,30	50,00
50,32	50,00
50,35	50,00
50,37	50,00
50,40	50,00
50,42	50,00
50,45	50,00
50,47	50,00
50,50	50,00
50,52	50,00
50,54	50,00
50,57	50,00
50,59	50,00
50,62	50,00
50,64	50,00
50,67	50,00
50,69	50,00
50,72	50,00
50,74	50,00
50,76	50,00
50,79	50,00
50,81	50,00
50,84	50,00
50,86	50,00
50,89	50,00
50,91	50,00
50,94	50,00
50,96	50,00
50,98	50,00
51,01	50,00
51,03	50,00
51,06	50,00
51,08	50,00
51,11	50,00
51,13	50,00
51,15	50,00
51,18	50,00
51,20	50,00
51,23	50,00
51,25	50,00
51,28	50,00
51,30	50,00
51,33	50,00
51,35	50,00
51,37	50,00
51,40	50,00
51,42	50,00
51,45	50,00
51,47	50,00
51,50	50,00
51,52	50,00
51,55	50,00
51,57	50,00
51,59	50,00
51,62	50,00
51,64	50,00
51,67	50,00
51,69	50,00
51,72	50,00
51,74	50,00
51,77	50,00
51,79	50,00
51,81	50,00
51,84	50,00
51,86	50,00
51,89	50,00
51,91	50,00
51,94	50,00
51,96	50,00
51,99	50,00
52,01	50,00
52,03	50,00
52,06	50,00
52,08	50,00
52,11	50,00
52,13	50,00
52,16	50,00
52,18	50,00
52,20	50,00
52,23	50,00
52,25	50,00
52,28	50,00
52,30	50,00
52,33	50,00
52,35	50,00
52,38	50,00
52,40	50,00
52,42	50,00
52,45	50,00
52,47	50,00
52,50	50,00
52,52	50,00
52,55	50,00
52,57	50,00
52,60	50,00
52,62	50,00
52,64	50,00
52,67	50,00
52,69	50,00
52,72	50,00
52,74	50,00
52,77	50,00
52,79	50,00
52,82	50,00
52,84	50,00
52,86	50,00
52,89	50,00
52,91	50,00
52,94	50,00
52,96	50,00
52,99	50,00
53,01	50,00
53,04	50,00
53,06	50,00
53,08	50,00
53,11	50,00
53,13	50,00
53,16	50,00
53,18	50,00
53,21	50,00
53,23	50,00
53,26	50,00
53,28	50,00
53,30	50,00
53,33	50,00
53,35	50,00
53,38	50,00
53,40	50,00
53,43	50,00
53,45	50,00
53,47	50,00
53,50	50,00
53,52	50,00
53,55	50,00
53,57	50,00
53,60	50,00
53,62	50,00
53,65	50,00
53,67	50,00
53,69	50,00
53,72	50,00
53,74	50,00
53,77	50,00
53,79	50,00
53,82	50,00
53,84	50,00
53,87	50,00
53,89	50,00
53,91	50,00
53,94	50,00
53,96	50,00
53,99	50,00
54,01	50,00
54,04	50,00
54,06	50,00
54,09	50,00
54,11	50,00
54,13	50,00
54,16	50,00
54,18	50,00
54,21	50,00
54,23	50,00
54,26	50,00
54,28	50,00
54,31	50,00
54,33	50,00
54,35	50,00
54,38	50,00
54,40	50,00
54,43	50,00
54,45	50,00
54,48	50,00
54,50	50,00
54,52	50,00
54,55	50,00
54,57	50,00
54,60	50,00
54,62	50,00
54,65	50,00
54,67	50,00
54,70	50,00
54,72	50,00
54,74	50,00
54,77	50,00
54,79	50,00
54,82	50,00
54,84	50,00
54,87	50,00
54,89	50,00
54,92	50,00
54,94	50,00
54,96	50,00
54,99	50,00
55,01	50,00
55,04	50,00
55,06	50,00
55,09	50,00
55,11	50,00
55,14	50,00
55,16	50,00
55,18	50,00
55,21	50,00
55,23	50,00
55,26	50,00
55,28	50,00
55,31	50,00
55,33	50,00
55,36	50,00
55,38	50,00
55,40	50,00
55,43	50,00
55,45	50,00
55,48	50,00
55,50	50,00
55,53	50,00
55,55	50,00
55,57	50,00
55,60	50,00
55,62	50,00
55,65	50,00
55,67	50,00
55,70	50,00
55,72	50,00
55,75	50,00
55,77	50,00
55,79	50,00
55,82	50,00
55,84	50,00
55,87	50,00
55,89	50,00
55,92	50,00
55,94	50,00
55,97	50,00
55,99	50,00
56,01	50,00
56,04	50,00
56,06	50,00
56,09	50,00
56,11	50,00
56,14	50,00
56,16	50,00
56,19	50,00
56,21	50,00
56,23	50,00
56,26	50,00
56,28	50,00
56,31	50,00
56,33	50,00
56,36	50,00
56,38	50,00
56,41	50,00
56,43	50,00
56,45	50,00
56,48	50,00
56,50	50,00
56,53	50,00
56,55	50,00
56,58	50,00
56,60	50,00
56,62	50,00
56,65	50,00
56,67	50,00
56,70	50,00
56,72	50,00
56,75	50,00
56,77	50,00
56,80	50,00
56,82	50,00
56,84	50,00
56,87	50,00
56,89	50,00
56,92	50,00
56,94	50,00
56,97	50,00
56,99	50,00
57,02	50,00
57,04	50,00
57,06	50,00
57,09	50,00
57,11	50,00
57,14	50,00
57,16	50,00
57,19	50,00
57,21	50,00
57,24	50,00
57,26	50,00
57,28	50,00
57,31	50,00
57,33	50,00
57,36	50,00
57,38	50,00
57,41	50,00
57,43	50,00
57,46	50,00
57,48	50,00
57,50	50,00
57,53	50,00
57,55	50,00
57,58	50,00
57,60	50,00
57,63	50,00
57,65	50,00
57,68	50,00
57,70	50,00
57,72	50,00
57,75	50,00
57,77	50,00
57,80	50,00
57,82	50,00
57,85	50,00
57,87	50,00
57,89	50,00
57,92	50,00
57,94	50,00
57,97	50,00
57,99	50,00
58,02	50,00
58,04	50,00
58,07	50,00
58,09	50,00
58,11	50,00
58,14	50,00
58,16	50,00
58,19	50,00
58,21	50,00
58,24	50,00
58,26	50,00
58,29	50,00
58,31	50,00
58,33	50,00
58,36	50,00
58,38	50,00
58,41	50,00
58,43	50,00
58,46	50,00
58,48	50,00
58,51	50,00
58,53	50,00
58,55	50,00
58,58	50,00
58,60	50,00
58,63	50,00
58,65	50,00
58,68	50,00
58,70	50,00
58,73	50,00
58,75	50,00
58,77	50,00
58,80	50,00
58,82	50,00
58,85	50,00
58,87	50,00
58,90	50,00
58,92	50,00
58,94	50,00
58,97	50,00
58,99	50,00
59,02	50,00
59,04	50,00
59,07	50,00
59,09	50,00
59,12	50,00
59,14	50,00
59,16	50,00
59,19	50,00
59,21	50,00
59,24	50,00
59,26	50,00
59,29	50,00
59,31	50,00
59,34	50,00
59,36	50,00
59,38	50,00
59,41	50,00
59,43	50,00
59,46	50,00
59,48	50,00
59,51	50,00
59,53	50,00
59,56	50,00
59,58	50,00
59,60	50,00
59,63	50,00
59,65	50,00
59,68	50,00
59,70	50,00
59,73	50,00
59,75	50,00
59,78	50,00
59,80	50,00
59,82	50,00
59,85	50,00
59,87	50,00
59,90	50,00
59,92	50,00
59,95	50,00
59,97	50,00
59,99	50,00
