Voltage U1	Corriente IA
U1/V	IA/nA

0,02	0,31
0,04	0,32
0,07	0,33
0,09	0,35
0,12	0,36
0,14	0,35
0,17	0,36
0,19	0,34
0,21	0,34
0,24	0,34
0,26	0,32
0,29	0,32
0,31	0,31
0,34	0,31
0,36	0,33
0,39	0,32
0,41	0,34
0,43	0,35
0,46	0,36
0,48	0,38
0,51	0,36
0,53	0,35
0,56	0,35
0,58	0,34
0,61	0,34
0,63	0,33
0,65	0,31
0,68	0,33
0,70	0,35
0,73	0,33
0,75	0,32
0,78	0,32
0,80	0,33
0,83	0,36
0,85	0,36
0,87	0,35
0,90	0,36
0,92	0,36
0,95	0,36
0,97	0,35
1,00	0,33
1,02	0,33
1,05	0,32
1,07	0,32
1,09	0,35
1,12	0,34
1,14	0,34
1,17	0,34
1,19	0,35
1,22	0,37
1,24	0,36
1,26	0,35
1,29	0,35
1,31	0,35
1,34	0,35
1,36	0,37
1,39	0,35
1,41	0,35
1,44	0,34
1,46	0,35
1,48	0,35
1,51	0,35
1,53	0,32
1,56	0,36
1,58	0,35
1,61	0,38
1,63	0,38
1,66	0,37
1,68	0,37
1,70	0,39
1,73	0,36
1,75	0,39
1,78	0,35
1,80	0,36
1,83	0,37
1,85	0,37
1,88	0,36
1,90	0,37
1,92	0,34
1,95	0,37
1,97	0,36
2,00	0,36
2,02	0,36
2,05	0,37
2,07	0,35
2,10	0,36
2,12	0,33
2,14	0,33
2,17	0,32
2,19	0,33
2,22	0,34
2,24	0,35
2,27	0,35
2,29	0,40
2,31	0,39
2,34	0,39
2,36	0,38
2,39	0,37
2,41	0,37
2,44	0,38
2,46	0,35
2,49	0,36
2,51	0,34
2,53	0,35
2,56	0,34
2,58	0,35
2,61	0,34
2,63	0,35
2,66	0,35
2,68	0,36
2,71	0,40
2,73	0,41
2,75	0,41
2,78	0,42
2,80	0,40
2,83	0,42
2,85	0,40
2,88	0,35
2,90	0,34
2,93	0,34
2,95	0,34
2,97	0,34
3,00	0,33
3,02	0,36
3,05	0,36
3,07	0,35
3,10	0,36
3,12	0,34
3,15	0,36
3,17	0,35
3,19	0,35
3,22	0,34
3,24	0,34
3,27	0,34
3,29	0,36
3,32	0,35
3,34	0,35
3,36	0,35
3,39	0,36
3,41	0,38
3,44	0,38
3,46	0,35
3,49	0,35
3,51	0,35
3,54	0,36
3,56	0,36
3,58	0,35
3,61	0,34
3,63	0,35
3,66	0,35
3,68	0,37
3,71	0,35
3,73	0,34
3,76	0,35
3,78	0,35
3,80	0,36
3,83	0,38
3,85	0,37
3,88	0,40
3,90	0,40
3,93	0,40
3,95	0,40
3,98	0,37
4,00	0,36
4,02	0,37
4,05	0,35
4,07	0,35
4,10	0,36
4,12	0,36
4,15	0,37
4,17	0,37
4,20	0,36
4,22	0,38
4,24	0,38
4,27	0,38
4,29	0,40
4,32	0,40
4,34	0,40
4,37	0,40
4,39	0,39
4,42	0,40
4,44	0,40
4,46	0,39
4,49	0,40
4,51	0,39
4,54	0,38
4,56	0,39
4,59	0,38
4,61	0,38
4,63	0,38
4,66	0,38
4,68	0,39
4,71	0,38
4,73	0,38
4,76	0,39
4,78	0,39
4,81	0,39
4,83	0,39
4,85	0,40
4,88	0,42
4,90	0,42
4,93	0,41
4,95	0,40
4,98	0,41
5,00	0,41
5,03	0,44
5,05	0,41
5,07	0,42
5,10	0,43
5,12	0,45
5,15	0,45
5,17	0,47
5,20	0,44
5,22	0,47
5,25	0,45
5,27	0,46
5,29	0,44
5,32	0,44
5,34	0,41
5,37	0,42
5,39	0,41
5,42	0,42
5,44	0,39
5,47	0,40
5,49	0,40
5,51	0,43
5,54	0,42
5,56	0,42
5,59	0,42
5,61	0,44
5,64	0,42
5,66	0,42
5,68	0,41
5,71	0,41
5,73	0,42
5,76	0,46
5,78	0,46
5,81	0,48
5,83	0,48
5,86	0,48
5,88	0,51
5,90	0,51
5,93	0,48
5,95	0,49
5,98	0,48
6,00	0,48
6,03	0,48
6,05	0,46
6,08	0,45
6,10	0,47
6,12	0,46
6,15	0,49
6,17	0,46
6,20	0,46
6,22	0,47
6,25	0,49
6,27	0,48
6,30	0,50
6,32	0,48
6,34	0,51
6,37	0,53
6,39	0,52
6,42	0,54
6,44	0,54
6,47	0,53
6,49	0,55
6,52	0,56
6,54	0,56
6,56	0,57
6,59	0,55
6,61	0,57
6,64	0,57
6,66	0,57
6,69	0,58
6,71	0,58
6,73	0,57
6,76	0,59
6,78	0,58
6,81	0,61
6,83	0,60
6,86	0,60
6,88	0,61
6,91	0,60
6,93	0,60
6,95	0,63
6,98	0,61
7,00	0,62
7,03	0,61
7,05	0,62
7,08	0,63
7,10	0,64
7,13	0,62
7,15	0,64
7,17	0,64
7,20	0,66
7,22	0,69
7,25	0,71
7,27	0,71
7,30	0,71
7,32	0,73
7,35	0,75
7,37	0,74
7,39	0,72
7,42	0,72
7,44	0,72
7,47	0,73
7,49	0,72
7,52	0,71
7,54	0,72
7,57	0,71
7,59	0,71
7,61	0,72
7,64	0,72
7,66	0,71
7,69	0,74
7,71	0,73
7,74	0,75
7,76	0,76
7,78	0,77
7,81	0,78
7,83	0,80
7,86	0,78
7,88	0,80
7,91	0,78
7,93	0,79
7,96	0,81
7,98	0,83
8,00	0,82
8,03	0,84
8,05	0,83
8,08	0,86
8,10	0,86
8,13	0,85
8,15	0,85
8,18	0,84
8,20	0,84
8,22	0,85
8,25	0,85
8,27	0,85
8,30	0,85
8,32	0,84
8,35	0,87
8,37	0,87
8,40	0,87
8,42	0,89
8,44	0,90
8,47	0,91
8,49	0,93
8,52	0,92
8,54	0,94
8,57	0,94
8,59	0,93
8,62	0,94
8,64	0,94
8,66	0,93
8,69	0,96
8,71	0,94
8,74	0,96
8,76	0,95
8,79	0,95
8,81	0,96
8,84	0,97
8,86	0,95
8,88	0,97
8,91	0,96
8,93	0,97
8,96	0,98
8,98	0,97
9,01	0,98
9,03	1,00
9,05	1,01
9,08	1,02
9,10	1,01
9,13	1,02
9,15	1,05
9,18	1,05
9,20	1,04
9,23	1,04
9,25	1,04
9,27	1,07
9,30	1,06
9,32	1,05
9,35	1,05
9,37	1,06
9,40	1,06
9,42	1,09
9,45	1,08
9,47	1,09
9,49	1,09
9,52	1,09
9,54	1,10
9,57	1,12
9,59	1,08
9,62	1,10
9,64	1,08
9,67	1,10
9,69	1,09
9,71	1,10
9,74	1,10
9,76	1,11
9,79	1,11
9,81	1,13
9,84	1,13
9,86	1,13
9,89	1,16
9,91	1,16
9,93	1,18
9,96	1,18
9,98	1,18
10,01	1,18
10,03	1,20
10,06	1,18
10,08	1,20
10,10	1,16
10,13	1,18
10,15	1,20
10,18	1,22
10,20	1,21
10,23	1,23
10,25	1,22
10,28	1,27
10,30	1,26
10,32	1,26
10,35	1,24
10,37	1,25
10,40	1,22
10,42	1,24
10,45	1,21
10,47	1,23
10,50	1,21
10,52	1,23
10,54	1,23
10,57	1,25
10,59	1,25
10,62	1,30
10,64	1,29
10,67	1,32
10,69	1,32
10,72	1,35
10,74	1,35
10,76	1,36
10,79	1,33
10,81	1,36
10,84	1,36
10,86	1,37
10,89	1,38
10,91	1,39
10,94	1,40
10,96	1,43
10,98	1,41
11,01	1,45
11,03	1,45
11,06	1,46
11,08	1,48
11,11	1,47
11,13	1,47
11,15	1,50
11,18	1,48
11,20	1,49
11,23	1,49
11,25	1,50
11,28	1,52
11,30	1,54
11,33	1,53
11,35	1,57
11,37	1,57
11,40	1,58
11,42	1,59
11,45	1,60
11,47	1,62
11,50	1,64
11,52	1,63
11,55	1,65
11,57	1,66
11,59	1,67
11,62	1,69
11,64	1,70
11,67	1,71
11,69	1,73
11,72	1,74
11,74	1,78
11,77	1,80
11,79	1,80
11,81	1,81
11,84	1,79
11,86	1,81
11,89	1,82
11,91	1,82
11,94	1,82
11,96	1,83
11,99	1,85
12,01	1,90
12,03	1,90
12,06	1,92
12,08	1,95
12,11	1,97
12,13	1,98
12,16	2,00
12,18	1,99
12,21	2,01
12,23	2,00
12,25	2,00
12,28	2,02
12,30	2,02
12,33	2,03
12,35	2,06
12,38	2,07
12,40	2,10
12,42	2,09
12,45	2,09
12,47	2,13
12,50	2,13
12,52	2,11
12,55	2,13
12,57	2,10
12,60	2,12
12,62	2,13
12,64	2,11
12,67	2,13
12,69	2,14
12,72	2,13
12,74	2,17
12,77	2,17
12,79	2,19
12,82	2,22
12,84	2,22
12,86	2,23
12,89	2,25
12,91	2,25
12,94	2,26
12,96	2,25
12,99	2,23
13,01	2,25
13,04	2,24
13,06	2,23
13,08	2,22
13,11	2,22
13,13	2,24
13,16	2,24
13,18	2,23
13,21	2,27
13,23	2,28
13,26	2,28
13,28	2,29
13,30	2,26
13,33	2,26
13,35	2,26
13,38	2,24
13,40	2,24
13,43	2,23
13,45	2,24
13,47	2,26
13,50	2,26
13,52	2,26
13,55	2,29
13,57	2,29
13,60	2,30
13,62	2,30
13,65	2,29
13,67	2,28
13,69	2,29
13,72	2,27
13,74	2,28
13,77	2,25
13,79	2,27
13,82	2,26
13,84	2,28
13,87	2,28
13,89	2,29
13,91	2,26
13,94	2,32
13,96	2,31
13,99	2,31
14,01	2,29
14,04	2,28
14,06	2,27
14,09	2,29
14,11	2,26
14,13	2,29
14,16	2,26
14,18	2,27
14,21	2,30
14,23	2,32
14,26	2,28
14,28	2,28
14,31	2,26
14,33	2,29
14,35	2,30
14,38	2,30
14,40	2,29
14,43	2,32
14,45	2,31
14,48	2,34
14,50	2,33
14,52	2,33
14,55	2,32
14,57	2,32
14,60	2,32
14,62	2,35
14,65	2,33
14,67	2,38
14,70	2,37
14,72	2,40
14,74	2,41
14,77	2,40
14,79	2,40
14,82	2,42
14,84	2,37
14,87	2,39
14,89	2,37
14,92	2,38
14,94	2,40
14,96	2,42
14,99	2,42
15,01	2,48
15,04	2,49
15,06	2,52
15,09	2,54
15,11	2,55
15,14	2,57
15,16	2,57
15,18	2,57
15,21	2,59
15,23	2,58
15,26	2,60
15,28	2,62
15,31	2,62
15,33	2,65
15,36	2,66
15,38	2,69
15,40	2,75
15,43	2,78
15,45	2,77
15,48	2,81
15,50	2,79
15,53	2,83
15,55	2,82
15,57	2,82
15,60	2,83
15,62	2,86
15,65	2,87
15,67	2,94
15,70	2,95
15,72	2,99
15,75	3,00
15,77	3,03
15,79	3,05
15,82	3,09
15,84	3,09
15,87	3,13
15,89	3,16
15,92	3,21
15,94	3,22
15,97	3,24
15,99	3,26
16,01	3,31
16,04	3,31
16,06	3,35
16,09	3,38
16,11	3,40
16,14	3,46
16,16	3,50
16,19	3,51
16,21	3,56
16,23	3,58
16,26	3,60
16,28	3,64
16,31	3,66
16,33	3,69
16,36	3,73
16,38	3,75
16,41	3,80
16,43	3,82
16,45	3,86
16,48	3,87
16,50	3,91
16,53	3,95
16,55	4,00
16,58	4,01
16,60	4,05
16,63	4,06
16,65	4,11
16,67	4,14
16,70	4,15
16,72	4,17
16,75	4,21
16,77	4,24
16,80	4,28
16,82	4,31
16,84	4,33
16,87	4,40
16,89	4,42
16,92	4,44
16,94	4,47
16,97	4,49
16,99	4,51
17,02	4,53
17,04	4,53
17,06	4,57
17,09	4,57
17,11	4,58
17,14	4,60
17,16	4,62
17,19	4,62
17,21	4,65
17,24	4,64
17,26	4,67
17,28	4,67
17,31	4,69
17,33	4,69
17,36	4,70
17,38	4,69
17,41	4,72
17,43	4,69
17,46	4,70
17,48	4,70
17,50	4,70
17,53	4,69
17,55	4,71
17,58	4,68
17,60	4,72
17,63	4,70
17,65	4,70
17,68	4,70
17,70	4,71
17,72	4,71
17,75	4,71
17,77	4,69
17,80	4,68
17,82	4,65
17,85	4,64
17,87	4,63
17,89	4,62
17,92	4,60
17,94	4,59
17,97	4,59
17,99	4,61
18,02	4,59
18,04	4,56
18,07	4,53
18,09	4,53
18,11	4,50
18,14	4,49
18,16	4,46
18,19	4,45
18,21	4,44
18,24	4,44
18,26	4,41
18,29	4,40
18,31	4,38
18,33	4,38
18,36	4,35
18,38	4,34
18,41	4,32
18,43	4,31
18,46	4,28
18,48	4,27
18,51	4,26
18,53	4,25
18,55	4,21
18,58	4,20
18,60	4,20
18,63	4,19
18,65	4,18
18,68	4,17
18,70	4,15
18,73	4,15
18,75	4,15
18,77	4,12
18,80	4,13
18,82	4,10
18,85	4,10
18,87	4,10
18,90	4,11
18,92	4,10
18,94	4,11
18,97	4,07
18,99	4,09
19,02	4,08
19,04	4,07
19,07	4,07
19,09	4,08
19,12	4,07
19,14	4,09
19,16	4,06
19,19	4,08
19,21	4,06
19,24	4,06
19,26	4,04
19,29	4,04
19,31	4,03
19,34	4,07
19,36	4,06
19,38	4,08
19,41	4,09
19,43	4,12
19,46	4,14
19,48	4,17
19,51	4,16
19,53	4,18
19,56	4,20
19,58	4,21
19,60	4,23
19,63	4,24
19,65	4,24
19,68	4,27
19,70	4,28
19,73	4,30
19,75	4,32
19,78	4,33
19,80	4,35
19,82	4,38
19,85	4,39
19,87	4,42
19,90	4,43
19,92	4,46
19,95	4,48
19,97	4,51
19,99	4,53
20,02	4,55
20,04	4,58
20,07	4,63
20,09	4,65
20,12	4,70
20,14	4,72
20,17	4,77
20,19	4,81
20,21	4,84
20,24	4,85
20,26	4,90
20,29	4,92
20,31	4,97
20,34	5,02
20,36	5,06
20,39	5,10
20,41	5,15
20,43	5,20
20,46	5,26
20,48	5,29
20,51	5,31
20,53	5,36
20,56	5,39
20,58	5,43
20,61	5,46
20,63	5,51
20,65	5,55
20,68	5,60
20,70	5,64
20,73	5,72
20,75	5,76
20,78	5,81
20,80	5,87
20,83	5,93
20,85	5,98
20,87	6,05
20,90	6,08
20,92	6,15
20,95	6,20
20,97	6,25
21,00	6,30
21,02	6,36
21,05	6,41
21,07	6,51
21,09	6,56
21,12	6,63
21,14	6,69
21,17	6,76
21,19	6,84
21,22	6,92
21,24	6,94
21,26	7,02
21,29	7,06
21,31	7,10
21,34	7,15
21,36	7,20
21,39	7,24
21,41	7,32
21,44	7,35
21,46	7,43
21,48	7,50
21,51	7,58
21,53	7,64
21,56	7,70
21,58	7,75
21,61	7,81
21,63	7,86
21,66	7,92
21,68	7,96
21,70	7,99
21,73	8,02
21,75	8,08
21,78	8,12
21,80	8,18
21,83	8,21
21,85	8,27
21,88	8,31
21,90	8,35
21,92	8,38
21,95	8,42
21,97	8,41
22,00	8,44
22,02	8,44
22,05	8,44
22,07	8,45
22,10	8,45
22,12	8,46
22,14	8,46
22,17	8,47
22,19	8,48
22,22	8,48
22,24	8,48
22,27	8,49
22,29	8,48
22,31	8,50
22,34	8,47
22,36	8,46
22,39	8,44
22,41	8,44
22,44	8,40
22,46	8,38
22,49	8,33
22,51	8,32
22,53	8,30
22,56	8,30
22,58	8,24
22,61	8,22
22,63	8,16
22,66	8,16
22,68	8,11
22,71	8,07
22,73	8,01
22,75	7,99
22,78	7,94
22,80	7,93
22,83	7,86
22,85	7,83
22,88	7,77
22,90	7,73
22,93	7,69
22,95	7,66
22,97	7,60
23,00	7,58
23,02	7,53
23,05	7,50
23,07	7,46
23,10	7,41
23,12	7,35
23,15	7,30
23,17	7,23
23,19	7,20
23,22	7,13
23,24	7,09
23,27	7,05
23,29	7,03
23,32	6,98
23,34	6,96
23,36	6,92
23,39	6,91
23,41	6,87
23,44	6,82
23,46	6,77
23,49	6,73
23,51	6,68
23,54	6,66
23,56	6,62
23,58	6,61
23,61	6,58
23,63	6,55
23,66	6,54
23,68	6,53
23,71	6,50
23,73	6,50
23,76	6,47
23,78	6,46
23,80	6,45
23,83	6,45
23,85	6,44
23,88	6,43
23,90	6,40
23,93	6,40
23,95	6,40
23,98	6,39
24,00	6,41
24,02	6,39
24,05	6,41
24,07	6,41
24,10	6,43
24,12	6,45
24,15	6,48
24,17	6,45
24,20	6,49
24,22	6,48
24,24	6,51
24,27	6,52
24,29	6,52
24,32	6,52
24,34	6,55
24,37	6,56
24,39	6,62
24,42	6,62
24,44	6,66
24,46	6,72
24,49	6,76
24,51	6,79
24,54	6,83
24,56	6,85
24,59	6,89
24,61	6,91
24,63	6,95
24,66	7,01
24,68	7,03
24,71	7,06
24,73	7,13
24,76	7,17
24,78	7,23
24,81	7,25
24,83	7,27
24,85	7,35
24,88	7,41
24,90	7,43
24,93	7,51
24,95	7,54
24,98	7,60
25,00	7,65
25,03	7,70
25,05	7,75
25,07	7,80
25,10	7,83
25,12	7,93
25,15	7,97
25,17	8,04
25,20	8,11
25,22	8,18
25,25	8,26
25,27	8,35
25,29	8,41
25,32	8,51
25,34	8,58
25,37	8,65
25,39	8,72
25,42	8,78
25,44	8,83
25,47	8,91
25,49	8,97
25,51	9,06
25,54	9,12
25,56	9,19
25,59	9,29
25,61	9,38
25,64	9,46
25,66	9,56
25,68	9,63
25,71	9,72
25,73	9,80
25,76	9,87
25,78	9,96
25,81	10,03
25,83	10,10
25,86	10,18
25,88	10,27
25,90	10,34
25,93	10,47
25,95	10,56
25,98	10,67
26,00	10,76
26,03	10,88
26,05	10,98
26,08	11,09
26,10	11,16
26,12	11,25
26,15	11,32
26,17	11,42
26,20	11,48
26,22	11,56
26,25	11,63
26,27	11,72
26,30	11,81
26,32	11,93
26,34	12,02
26,37	12,12
26,39	12,19
26,42	12,28
26,44	12,36
26,47	12,45
26,49	12,49
26,52	12,55
26,54	12,61
26,56	12,69
26,59	12,75
26,61	12,81
26,64	12,86
26,66	12,96
26,69	13,03
26,71	13,10
26,73	13,14
26,76	13,18
26,78	13,23
26,81	13,27
26,83	13,27
26,86	13,30
26,88	13,30
26,91	13,35
26,93	13,37
26,95	13,38
26,98	13,40
27,00	13,42
27,03	13,42
27,05	13,48
27,08	13,47
27,10	13,48
27,13	13,48
27,15	13,46
27,17	13,46
27,20	13,46
27,22	13,44
27,25	13,43
27,27	13,37
27,30	13,33
27,32	13,34
27,35	13,30
27,37	13,27
27,39	13,22
27,42	13,17
27,44	13,15
27,47	13,14
27,49	13,07
27,52	13,03
27,54	12,95
27,57	12,89
27,59	12,83
27,61	12,77
27,64	12,67
27,66	12,62
27,69	12,51
27,71	12,47
27,74	12,39
27,76	12,30
27,78	12,24
27,81	12,15
27,83	12,06
27,86	12,00
27,88	11,88
27,91	11,79
27,93	11,71
27,96	11,62
27,98	11,54
28,00	11,43
28,03	11,33
28,05	11,28
28,08	11,19
28,10	11,08
28,13	11,02
28,15	10,95
28,18	10,87
28,20	10,80
28,22	10,73
28,25	10,66
28,27	10,60
28,30	10,52
28,32	10,45
28,35	10,40
28,37	10,35
28,40	10,29
28,42	10,22
28,44	10,19
28,47	10,13
28,49	10,09
28,52	10,09
28,54	10,04
28,57	10,00
28,59	9,99
28,62	9,93
28,64	9,91
28,66	9,87
28,69	9,81
28,71	9,79
28,74	9,75
28,76	9,72
28,79	9,72
28,81	9,69
28,84	9,69
28,86	9,69
28,88	9,69
28,91	9,70
28,93	9,70
28,96	9,69
28,98	9,71
29,01	9,72
29,03	9,73
29,05	9,76
29,08	9,75
29,10	9,77
29,13	9,78
29,15	9,81
29,18	9,84
29,20	9,88
29,23	9,89
29,25	9,97
29,27	10,01
29,30	10,06
29,32	10,10
29,35	10,13
29,37	10,15
29,40	10,20
29,42	10,23
29,45	10,30
29,47	10,32
29,49	10,39
29,52	10,47
29,54	10,55
29,57	10,61
29,59	10,70
29,62	10,72
29,64	10,81
29,67	10,86
29,69	10,93
29,71	10,98
29,74	11,06
29,76	11,09
29,79	11,19
29,81	11,24
29,84	11,35
29,86	11,42
29,89	11,51
29,91	11,58
29,93	11,69
29,96	11,76
29,98	11,88
30,01	11,94
30,03	12,02
30,06	12,11
30,08	12,22
30,10	12,29
30,13	12,39
30,15	12,45
30,18	12,58
30,20	12,67
30,23	12,78
30,25	12,88
30,28	13,01
30,30	13,09
30,32	13,20
30,35	13,28
30,37	13,39
30,40	13,48
30,42	13,59
30,45	13,68
30,47	13,82
30,50	13,91
30,52	14,05
30,54	14,15
30,57	14,28
30,59	14,39
30,62	14,53
30,64	14,66
30,67	14,78
30,69	14,88
30,72	15,04
30,74	15,15
30,76	15,26
30,79	15,36
30,81	15,48
30,84	15,62
30,86	15,76
30,89	15,88
30,91	16,00
30,94	16,13
30,96	16,26
30,98	16,41
31,01	16,52
31,03	16,65
31,06	16,74
31,08	16,87
31,11	17,00
31,13	17,13
31,15	17,22
31,18	17,35
31,20	17,45
31,23	17,59
31,25	17,71
31,28	17,82
31,30	17,93
31,33	18,09
31,35	18,19
31,37	18,33
31,40	18,43
31,42	18,54
31,45	18,64
31,47	18,75
31,50	18,83
31,52	18,95
31,55	19,03
31,57	19,13
31,59	19,20
31,62	19,33
31,64	19,40
31,67	19,47
31,69	19,54
31,72	19,63
31,74	19,70
31,77	19,79
31,79	19,84
31,81	19,93
31,84	19,98
31,86	20,05
31,89	20,10
31,91	20,17
31,94	20,20
31,96	20,25
31,99	20,28
32,01	20,30
32,03	20,30
32,06	20,30
32,08	20,29
32,11	20,32
32,13	20,32
32,16	20,30
32,18	20,29
32,20	20,28
32,23	20,25
32,25	20,24
32,28	20,18
32,30	20,13
32,33	20,08
32,35	20,02
32,38	19,97
32,40	19,87
32,42	19,81
32,45	19,74
32,47	19,66
32,50	19,56
32,52	19,49
32,55	19,38
32,57	19,29
32,60	19,16
32,62	19,04
32,64	18,92
32,67	18,83
32,69	18,69
32,72	18,59
32,74	18,46
32,77	18,37
32,79	18,23
32,82	18,13
32,84	17,99
32,86	17,86
32,89	17,72
32,91	17,61
32,94	17,44
32,96	17,28
32,99	17,13
33,01	16,99
33,04	16,84
33,06	16,69
33,08	16,54
33,11	16,43
33,13	16,30
33,16	16,19
33,18	16,10
33,21	15,99
33,23	15,90
33,26	15,79
33,28	15,67
33,30	15,58
33,33	15,47
33,35	15,36
33,38	15,26
33,40	15,18
33,43	15,10
33,45	15,06
33,47	14,98
33,50	14,91
33,52	14,84
33,55	14,79
33,57	14,74
33,60	14,70
33,62	14,61
33,65	14,58
33,67	14,53
33,69	14,50
33,72	14,45
33,74	14,41
33,77	14,37
33,79	14,36
33,82	14,33
33,84	14,33
33,87	14,29
33,89	14,29
33,91	14,29
33,94	14,29
33,96	14,29
33,99	14,30
34,01	14,32
34,04	14,36
34,06	14,39
34,09	14,41
34,11	14,45
34,13	14,48
34,16	14,51
34,18	14,55
34,21	14,59
34,23	14,63
34,26	14,66
34,28	14,69
34,31	14,76
34,33	14,81
34,35	14,87
34,38	14,94
34,40	15,00
34,43	15,05
34,45	15,14
34,48	15,20
34,50	15,28
34,52	15,32
34,55	15,39
34,57	15,46
34,60	15,53
34,62	15,58
34,65	15,71
34,67	15,78
34,70	15,90
34,72	15,98
34,74	16,11
34,77	16,22
34,79	16,36
34,82	16,42
34,84	16,55
34,87	16,62
34,89	16,74
34,92	16,84
34,94	16,94
34,96	17,03
34,99	17,16
35,01	17,26
35,04	17,41
35,06	17,51
35,09	17,62
35,11	17,75
35,14	17,89
35,16	18,00
35,18	18,15
35,21	18,25
35,23	18,38
35,26	18,49
35,28	18,62
35,31	18,73
35,33	18,85
35,36	18,95
35,38	19,13
35,40	19,26
35,43	19,42
35,45	19,56
35,48	19,72
35,50	19,88
35,53	20,05
35,55	20,14
35,57	20,29
35,60	20,39
35,62	20,53
35,65	20,68
35,67	20,82
35,70	20,96
35,72	21,14
35,75	21,28
35,77	21,49
35,79	21,66
35,82	21,80
35,84	21,95
35,87	22,11
35,89	22,23
35,92	22,39
35,94	22,51
35,97	22,64
35,99	22,79
36,01	22,94
36,04	23,10
36,06	23,29
36,09	23,45
36,11	23,62
36,14	23,81
36,16	23,96
36,19	24,15
36,21	24,30
36,23	24,45
36,26	24,57
36,28	24,70
36,31	24,82
36,33	24,96
36,36	25,06
36,38	25,21
36,41	25,34
36,43	25,51
36,45	25,65
36,48	25,82
36,50	25,96
36,53	26,13
36,55	26,23
36,58	26,37
36,60	26,46
36,62	26,58
36,65	26,65
36,67	26,76
36,70	26,83
36,72	26,92
36,75	26,99
36,77	27,12
36,80	27,19
36,82	27,30
36,84	27,38
36,87	27,46
36,89	27,53
36,92	27,63
36,94	27,67
36,97	27,74
36,99	27,77
37,02	27,79
37,04	27,82
37,06	27,83
37,09	27,82
37,11	27,85
37,14	27,82
37,16	27,83
37,19	27,79
37,21	27,75
37,24	27,74
37,26	27,70
37,28	27,63
37,31	27,59
37,33	27,49
37,36	27,44
37,38	27,37
37,41	27,26
37,43	27,16
37,46	27,05
37,48	26,95
37,50	26,85
37,53	26,73
37,55	26,59
37,58	26,50
37,60	26,36
37,63	26,24
37,65	26,08
37,68	25,94
37,70	25,77
37,72	25,64
37,75	25,45
37,77	25,32
37,80	25,11
37,82	24,95
37,85	24,79
37,87	24,60
37,89	24,39
37,92	24,21
37,94	24,01
37,97	23,87
37,99	23,70
38,02	23,52
38,04	23,35
38,07	23,19
38,09	23,02
38,11	22,87
38,14	22,68
38,16	22,50
38,19	22,33
38,21	22,16
38,24	22,02
38,26	21,85
38,29	21,68
38,31	21,54
38,33	21,42
38,36	21,28
38,38	21,18
38,41	21,07
38,43	20,98
38,46	20,88
38,48	20,77
38,51	20,67
38,53	20,56
38,55	20,45
38,58	20,36
38,60	20,28
38,63	20,22
38,65	20,17
38,68	20,09
38,70	20,09
38,73	20,05
38,75	20,00
38,77	19,96
38,80	19,91
38,82	19,87
38,85	19,86
38,87	19,80
38,90	19,79
38,92	19,78
38,94	19,78
38,97	19,79
38,99	19,80
39,02	19,81
39,04	19,85
39,07	19,86
39,09	19,88
39,12	19,90
39,14	19,92
39,16	19,95
39,19	19,98
39,21	20,00
39,24	20,04
39,26	20,08
39,29	20,14
39,31	20,22
39,34	20,26
39,36	20,33
39,38	20,39
39,41	20,46
39,43	20,56
39,46	20,63
39,48	20,67
39,51	20,77
39,53	20,83
39,56	20,94
39,58	21,04
39,60	21,14
39,63	21,23
39,65	21,36
39,68	21,46
39,70	21,62
39,73	21,70
39,75	21,81
39,78	21,91
39,80	22,04
39,82	22,13
39,85	22,26
39,87	22,36
39,90	22,49
39,92	22,61
39,95	22,76
39,97	22,92
39,99	23,05
40,02	23,18
40,04	23,32
40,07	23,45
40,09	23,62
40,12	23,73
40,14	23,84
40,17	24,00
40,19	24,16
40,21	24,31
40,24	24,51
40,26	24,62
40,29	24,81
40,31	24,99
40,34	25,17
40,36	25,31
40,39	25,49
40,41	25,66
40,43	25,84
40,46	26,00
40,48	26,15
40,51	26,31
40,53	26,50
40,56	26,66
40,58	26,84
40,61	27,02
40,63	27,22
40,65	27,42
40,68	27,60
40,70	27,80
40,73	27,99
40,75	28,16
40,78	28,35
40,80	28,50
40,83	28,70
40,85	28,88
40,87	29,06
40,90	29,26
40,92	29,44
40,95	29,63
40,97	29,85
41,00	30,02
41,02	30,20
41,05	30,40
41,07	30,60
41,09	30,82
41,12	30,99
41,14	31,17
41,17	31,35
41,19	31,54
41,22	31,69
41,24	31,89
41,26	32,06
41,29	32,27
41,31	32,42
41,34	32,60
41,36	32,78
41,39	33,00
41,41	33,14
41,44	33,32
41,46	33,46
41,48	33,66
41,51	33,83
41,53	33,99
41,56	34,11
41,58	34,25
41,61	34,37
41,63	34,57
41,66	34,70
41,68	34,84
41,70	34,96
41,73	35,09
41,75	35,23
41,78	35,37
41,80	35,45
41,83	35,54
41,85	35,63
41,88	35,72
41,90	35,82
41,92	35,89
41,95	35,93
41,97	35,99
42,00	36,03
42,02	36,09
42,05	36,10
42,07	36,13
42,10	36,13
42,12	36,13
42,14	36,12
42,17	36,12
42,19	36,07
42,22	36,07
42,24	36,05
42,27	36,03
42,29	35,99
42,31	35,95
42,34	35,89
42,36	35,88
42,39	35,79
42,41	35,70
42,44	35,59
42,46	35,46
42,49	35,35
42,51	35,24
42,53	35,11
42,56	34,97
42,58	34,85
42,61	34,71
42,63	34,61
42,66	34,46
42,68	34,32
42,71	34,13
42,73	33,97
42,75	33,77
42,78	33,60
42,80	33,38
42,83	33,19
42,85	32,97
42,88	32,80
42,90	32,65
42,93	32,47
42,95	32,27
42,97	32,11
43,00	31,92
43,02	31,76
43,05	31,55
43,07	31,33
43,10	31,15
43,12	30,95
43,15	30,77
43,17	30,57
43,19	30,35
43,22	30,17
43,24	29,99
43,27	29,82
43,29	29,67
43,32	29,49
43,34	29,32
43,36	29,18
43,39	29,01
43,41	28,86
43,44	28,71
43,46	28,55
43,49	28,43
43,51	28,31
43,54	28,17
43,56	28,07
43,58	27,96
43,61	27,86
43,63	27,76
43,66	27,65
43,68	27,57
43,71	27,49
43,73	27,38
43,76	27,31
43,78	27,24
43,80	27,17
43,83	27,14
43,85	27,06
43,88	27,00
43,90	26,96
43,93	26,91
43,95	26,87
43,98	26,84
44,00	26,80
44,02	26,80
44,05	26,78
44,07	26,78
44,10	26,81
44,12	26,82
44,15	26,82
44,17	26,85
44,20	26,89
44,22	26,95
44,24	26,99
44,27	27,03
44,29	27,07
44,32	27,13
44,34	27,18
44,37	27,24
44,39	27,25
44,41	27,32
44,44	27,38
44,46	27,46
44,49	27,56
44,51	27,67
44,54	27,75
44,56	27,90
44,59	27,99
44,61	28,10
44,63	28,18
44,66	28,30
44,68	28,37
44,71	28,47
44,73	28,54
44,76	28,69
44,78	28,77
44,81	28,93
44,83	29,05
44,85	29,22
44,88	29,38
44,90	29,59
44,93	29,70
44,95	29,88
44,98	30,00
45,00	30,16
45,03	30,27
45,05	30,43
45,07	30,55
45,10	30,73
45,12	30,88
45,15	31,09
45,17	31,27
45,20	31,48
45,22	31,65
45,25	31,86
45,27	32,05
45,29	32,29
45,32	32,43
45,34	32,60
45,37	32,74
45,39	32,92
45,42	33,09
45,44	33,26
45,47	33,41
45,49	33,65
45,51	33,84
45,54	34,08
45,56	34,30
45,59	34,52
45,61	34,73
45,64	34,99
45,66	35,15
45,68	35,38
45,71	35,57
45,73	35,78
45,76	35,98
45,78	36,20
45,81	36,37
45,83	36,65
45,86	36,84
45,88	37,08
45,90	37,30
45,93	37,55
45,95	37,77
45,98	38,02
46,00	38,19
46,03	38,44
46,05	38,65
46,08	38,87
46,10	39,07
46,12	39,28
46,15	39,51
46,17	39,76
46,20	39,99
46,22	40,22
46,25	40,40
46,27	40,65
46,30	40,93
46,32	41,15
46,34	41,40
46,37	41,58
46,39	41,81
46,42	42,02
46,44	42,24
46,47	42,41
46,49	42,62
46,52	42,77
46,54	43,02
46,56	43,24
46,59	43,47
46,61	43,61
46,64	43,83
46,66	44,01
46,69	44,22
46,71	44,35
46,73	44,50
46,76	44,67
46,78	44,83
46,81	44,95
46,83	45,07
46,86	45,18
46,88	45,31
46,91	45,43
46,93	45,58
46,95	45,72
46,98	45,83
47,00	45,94
47,03	46,07
47,05	46,18
47,08	46,26
47,10	46,31
47,13	46,34
47,15	46,38
47,17	46,43
47,20	46,44
47,22	46,48
47,25	46,48
47,27	46,50
47,30	46,55
47,32	46,55
47,35	46,54
47,37	46,51
47,39	46,45
47,42	46,45
47,44	46,41
47,47	46,33
47,49	46,29
47,52	46,23
47,54	46,16
47,57	46,06
47,59	45,94
47,61	45,83
47,64	45,72
47,66	45,58
47,69	45,45
47,71	45,28
47,74	45,17
47,76	45,04
47,78	44,92
47,81	44,76
47,83	44,64
47,86	44,46
47,88	44,35
47,91	44,18
47,93	44,02
47,96	43,83
47,98	43,66
48,00	43,44
48,03	43,30
48,05	43,08
48,08	42,90
48,10	42,71
48,13	42,54
48,15	42,34
48,18	42,18
48,20	41,96
48,22	41,83
48,25	41,63
48,27	41,42
48,30	41,22
48,32	41,04
48,35	40,87
48,37	40,69
48,40	40,47
48,42	40,33
48,44	40,16
48,47	39,98
48,49	39,85
48,52	39,70
48,54	39,56
48,57	39,46
48,59	39,32
48,62	39,23
48,64	39,13
48,66	38,99
48,69	38,86
48,71	38,75
48,74	38,63
48,76	38,56
48,79	38,44
48,81	38,36
48,84	38,28
48,86	38,22
48,88	38,16
48,91	38,08
48,93	37,98
48,96	37,93
48,98	37,87
49,01	37,83
49,03	37,79
49,05	37,73
49,08	37,73
49,10	37,73
49,13	37,72
49,15	37,72
49,18	37,71
49,20	37,71
49,23	37,72
49,25	37,72
49,27	37,73
49,30	37,76
49,32	37,80
49,35	37,90
49,37	37,96
49,40	38,04
49,42	38,14
49,45	38,24
49,47	38,35
49,49	38,43
49,52	38,46
49,54	38,57
49,57	38,65
49,59	38,75
49,62	38,85
49,64	38,93
49,67	39,02
49,69	39,17
49,71	39,27
49,74	39,42
49,76	39,56
49,79	39,69
49,81	39,87
49,84	40,02
49,86	40,18
49,89	40,34
49,91	40,46
49,93	40,57
49,96	40,72
49,98	40,86
50,01	41,08
50,03	41,24
50,06	41,44
50,08	41,65
50,10	41,88
50,13	42,09
50,15	42,32
50,18	42,51
50,20	42,73
50,23	42,90
50,25	43,12
50,28	43,33
50,30	43,60
50,32	43,77
50,35	44,02
50,37	44,21
50,40	44,49
50,42	44,73
50,45	45,01
50,47	45,20
50,50	45,48
50,52	45,71
50,54	46,03
50,57	46,27
50,59	46,49
50,62	46,75
50,64	47,03
50,67	47,28
50,69	47,56
50,72	47,80
50,74	48,11
50,76	48,43
50,79	48,73
50,81	49,02
50,84	49,31
50,86	49,52
50,89	49,73
50,91	49,84
50,94	49,94
50,96	49,98
50,98	50,00
51,01	50,00
51,03	50,00
51,06	50,00
51,08	50,00
51,11	50,00
51,13	50,00
51,15	50,00
51,18	50,00
51,20	50,00
51,23	50,00
51,25	50,00
51,28	50,00
51,30	50,00
51,33	50,00
51,35	50,00
51,37	50,00
51,40	50,00
51,42	50,00
51,45	50,00
51,47	50,00
51,50	50,00
51,52	50,00
51,55	50,00
51,57	50,00
51,59	50,00
51,62	50,00
51,64	50,00
51,67	50,00
51,69	50,00
51,72	50,00
51,74	50,00
51,77	50,00
51,79	50,00
51,81	50,00
51,84	50,00
51,86	50,00
51,89	50,00
51,91	50,00
51,94	50,00
51,96	50,00
51,99	50,00
52,01	50,00
52,03	50,00
52,06	50,00
52,08	50,00
52,11	50,00
52,13	50,00
52,16	50,00
52,18	50,00
52,20	50,00
52,23	50,00
52,25	50,00
52,28	50,00
52,30	50,00
52,33	50,00
52,35	50,00
52,38	50,00
52,40	50,00
52,42	50,00
52,45	50,00
52,47	50,00
52,50	50,00
52,52	50,00
52,55	50,00
52,57	50,00
52,60	50,00
52,62	50,00
52,64	50,00
52,67	50,00
52,69	50,00
52,72	50,00
52,74	50,00
52,77	50,00
52,79	50,00
52,82	50,00
52,84	50,00
52,86	50,00
52,89	50,00
52,91	50,00
52,94	50,00
52,96	50,00
52,99	50,00
53,01	50,00
53,04	50,00
53,06	50,00
53,08	50,00
53,11	50,00
53,13	50,00
53,16	50,00
53,18	50,00
53,21	50,00
53,23	50,00
53,26	50,00
53,28	50,00
53,30	50,00
53,33	50,00
53,35	50,00
53,38	50,00
53,40	50,00
53,43	50,00
53,45	50,00
53,47	50,00
53,50	50,00
53,52	50,00
53,55	50,00
53,57	50,00
53,60	50,00
53,62	50,00
53,65	50,00
53,67	50,00
53,69	50,00
53,72	50,00
53,74	50,00
53,77	50,00
53,79	50,00
53,82	50,00
53,84	50,00
53,87	50,00
53,89	50,00
53,91	50,00
53,94	50,00
53,96	50,00
53,99	50,00
54,01	50,00
54,04	50,00
54,06	50,00
54,09	50,00
54,11	50,00
54,13	50,00
54,16	50,00
54,18	50,00
54,21	50,00
54,23	50,00
54,26	50,00
54,28	50,00
54,31	50,00
54,33	50,00
54,35	50,00
54,38	50,00
54,40	50,00
54,43	50,00
54,45	50,00
54,48	50,00
54,50	50,00
54,52	50,00
54,55	50,00
54,57	50,00
54,60	50,00
54,62	50,00
54,65	50,00
54,67	50,00
54,70	50,00
54,72	50,00
54,74	50,00
54,77	50,00
54,79	50,00
54,82	50,00
54,84	50,00
54,87	50,00
54,89	50,00
54,92	50,00
54,94	50,00
54,96	50,00
54,99	50,00
55,01	50,00
55,04	50,00
55,06	50,00
55,09	50,00
55,11	50,00
55,14	50,00
55,16	50,00
55,18	50,00
55,21	50,00
55,23	50,00
55,26	50,00
55,28	50,00
55,31	50,00
55,33	50,00
55,36	50,00
55,38	50,00
55,40	50,00
55,43	50,00
55,45	50,00
55,48	50,00
55,50	50,00
55,53	50,00
55,55	50,00
55,57	50,00
55,60	50,00
55,62	50,00
55,65	50,00
55,67	50,00
55,70	50,00
55,72	50,00
55,75	50,00
55,77	50,00
55,79	50,00
55,82	50,00
55,84	50,00
55,87	50,00
55,89	50,00
55,92	50,00
55,94	50,00
55,97	50,00
55,99	50,00
56,01	50,00
56,04	50,00
56,06	50,00
56,09	50,00
56,11	50,00
56,14	50,00
56,16	50,00
56,19	50,00
56,21	50,00
56,23	50,00
56,26	50,00
56,28	50,00
56,31	50,00
56,33	50,00
56,36	50,00
56,38	50,00
56,41	50,00
56,43	50,00
56,45	50,00
56,48	50,00
56,50	50,00
56,53	50,00
56,55	50,00
56,58	50,00
56,60	50,00
56,62	50,00
56,65	50,00
56,67	50,00
56,70	50,00
56,72	50,00
56,75	50,00
56,77	50,00
56,80	50,00
56,82	50,00
56,84	50,00
56,87	50,00
56,89	50,00
56,92	50,00
56,94	50,00
56,97	50,00
56,99	50,00
57,02	50,00
57,04	50,00
57,06	50,00
57,09	50,00
57,11	50,00
57,14	50,00
57,16	50,00
57,19	50,00
57,21	50,00
57,24	50,00
57,26	50,00
57,28	50,00
57,31	50,00
57,33	50,00
57,36	50,00
57,38	50,00
57,41	50,00
57,43	50,00
57,46	50,00
57,48	50,00
57,50	50,00
57,53	50,00
57,55	50,00
57,58	50,00
57,60	50,00
57,63	50,00
57,65	50,00
57,68	50,00
57,70	50,00
57,72	50,00
57,75	50,00
57,77	50,00
57,80	50,00
57,82	50,00
57,85	50,00
57,87	50,00
57,89	50,00
57,92	50,00
57,94	50,00
57,97	50,00
57,99	50,00
58,02	50,00
58,04	50,00
58,07	50,00
58,09	50,00
58,11	50,00
58,14	50,00
58,16	50,00
58,19	50,00
58,21	50,00
58,24	50,00
58,26	50,00
58,29	50,00
58,31	50,00
58,33	50,00
58,36	50,00
58,38	50,00
58,41	50,00
58,43	50,00
58,46	50,00
58,48	50,00
58,51	50,00
58,53	50,00
58,55	50,00
58,58	50,00
58,60	50,00
58,63	50,00
58,65	50,00
58,68	50,00
58,70	50,00
58,73	50,00
58,75	50,00
58,77	50,00
58,80	50,00
58,82	50,00
58,85	50,00
58,87	50,00
58,90	50,00
58,92	50,00
58,94	50,00
58,97	50,00
58,99	50,00
59,02	50,00
59,04	50,00
59,07	50,00
59,09	50,00
59,12	50,00
59,14	50,00
59,16	50,00
59,19	50,00
59,21	50,00
59,24	50,00
59,26	50,00
59,29	50,00
59,31	50,00
59,34	50,00
59,36	50,00
59,38	50,00
59,41	50,00
59,43	50,00
59,46	50,00
59,48	50,00
59,51	50,00
59,53	50,00
59,56	50,00
59,58	50,00
59,60	50,00
59,63	50,00
59,65	50,00
59,68	50,00
59,70	50,00
59,73	50,00
59,75	50,00
59,78	50,00
59,80	50,00
59,82	50,00
59,85	50,00
59,87	50,00
59,90	50,00
59,92	50,00
59,95	50,00
59,97	50,00
59,99	50,00
