Voltage U1	Corriente IA
U1/V	IA/nA

0,02	0,53
0,04	0,53
0,07	0,55
0,09	0,56
0,12	0,56
0,14	0,54
0,17	0,55
0,19	0,53
0,21	0,53
0,24	0,51
0,26	0,51
0,29	0,51
0,31	0,51
0,34	0,49
0,36	0,52
0,39	0,51
0,41	0,52
0,43	0,53
0,46	0,54
0,48	0,53
0,51	0,54
0,53	0,54
0,56	0,55
0,58	0,54
0,61	0,54
0,63	0,52
0,65	0,53
0,68	0,52
0,70	0,54
0,73	0,52
0,75	0,53
0,78	0,53
0,80	0,54
0,83	0,55
0,85	0,55
0,87	0,53
0,90	0,55
0,92	0,53
0,95	0,53
0,97	0,53
1,00	0,53
1,02	0,53
1,05	0,53
1,07	0,52
1,09	0,53
1,12	0,53
1,14	0,53
1,17	0,55
1,19	0,54
1,22	0,55
1,24	0,55
1,26	0,55
1,29	0,55
1,31	0,56
1,34	0,53
1,36	0,54
1,39	0,53
1,41	0,53
1,44	0,54
1,46	0,55
1,48	0,54
1,51	0,56
1,53	0,54
1,56	0,57
1,58	0,56
1,61	0,55
1,63	0,54
1,66	0,55
1,68	0,52
1,70	0,54
1,73	0,50
1,75	0,52
1,78	0,50
1,80	0,51
1,83	0,50
1,85	0,52
1,88	0,50
1,90	0,55
1,92	0,53
1,95	0,56
1,97	0,55
2,00	0,56
2,02	0,55
2,05	0,56
2,07	0,51
2,10	0,54
2,12	0,51
2,14	0,53
2,17	0,53
2,19	0,55
2,22	0,52
2,24	0,55
2,27	0,53
2,29	0,56
2,31	0,53
2,34	0,52
2,36	0,51
2,39	0,52
2,41	0,51
2,44	0,53
2,46	0,52
2,49	0,53
2,51	0,51
2,53	0,52
2,56	0,53
2,58	0,53
2,61	0,52
2,63	0,54
2,66	0,54
2,68	0,54
2,71	0,54
2,73	0,55
2,75	0,55
2,78	0,55
2,80	0,52
2,83	0,53
2,85	0,54
2,88	0,53
2,90	0,55
2,93	0,54
2,95	0,55
2,97	0,54
3,00	0,54
3,02	0,56
3,05	0,57
3,07	0,54
3,10	0,54
3,12	0,52
3,15	0,54
3,17	0,53
3,19	0,52
3,22	0,50
3,24	0,51
3,27	0,49
3,29	0,52
3,32	0,50
3,34	0,52
3,36	0,53
3,39	0,54
3,41	0,54
3,44	0,56
3,46	0,54
3,49	0,56
3,51	0,55
3,54	0,54
3,56	0,54
3,58	0,54
3,61	0,52
3,63	0,55
3,66	0,54
3,68	0,54
3,71	0,53
3,73	0,54
3,76	0,56
3,78	0,57
3,80	0,53
3,83	0,55
3,85	0,53
3,88	0,54
3,90	0,52
3,93	0,52
3,95	0,51
3,98	0,53
4,00	0,52
4,02	0,55
4,05	0,53
4,07	0,54
4,10	0,55
4,12	0,56
4,15	0,55
4,17	0,55
4,20	0,54
4,22	0,55
4,24	0,55
4,27	0,53
4,29	0,54
4,32	0,53
4,34	0,53
4,37	0,53
4,39	0,53
4,42	0,54
4,44	0,53
4,46	0,53
4,49	0,55
4,51	0,56
4,54	0,55
4,56	0,56
4,59	0,53
4,61	0,53
4,63	0,52
4,66	0,51
4,68	0,51
4,71	0,51
4,73	0,51
4,76	0,53
4,78	0,53
4,81	0,54
4,83	0,56
4,85	0,56
4,88	0,56
4,90	0,57
4,93	0,56
4,95	0,57
4,98	0,57
5,00	0,55
5,03	0,56
5,05	0,55
5,07	0,55
5,10	0,56
5,12	0,57
5,15	0,56
5,17	0,56
5,20	0,55
5,22	0,58
5,25	0,57
5,27	0,57
5,29	0,57
5,32	0,55
5,34	0,54
5,37	0,55
5,39	0,52
5,42	0,53
5,44	0,51
5,47	0,52
5,49	0,55
5,51	0,56
5,54	0,55
5,56	0,59
5,59	0,57
5,61	0,60
5,64	0,59
5,66	0,60
5,68	0,59
5,71	0,61
5,73	0,58
5,76	0,60
5,78	0,57
5,81	0,58
5,83	0,57
5,86	0,58
5,88	0,57
5,90	0,57
5,93	0,55
5,95	0,60
5,98	0,59
6,00	0,60
6,03	0,59
6,05	0,58
6,08	0,58
6,10	0,60
6,12	0,58
6,15	0,59
6,17	0,58
6,20	0,58
6,22	0,60
6,25	0,60
6,27	0,60
6,30	0,62
6,32	0,62
6,34	0,62
6,37	0,64
6,39	0,64
6,42	0,65
6,44	0,64
6,47	0,62
6,49	0,63
6,52	0,62
6,54	0,62
6,56	0,63
6,59	0,61
6,61	0,62
6,64	0,62
6,66	0,64
6,69	0,67
6,71	0,68
6,73	0,67
6,76	0,69
6,78	0,64
6,81	0,66
6,83	0,64
6,86	0,63
6,88	0,62
6,91	0,62
6,93	0,61
6,95	0,67
6,98	0,64
7,00	0,66
7,03	0,67
7,05	0,69
7,08	0,68
7,10	0,71
7,13	0,69
7,15	0,71
7,17	0,70
7,20	0,70
7,22	0,70
7,25	0,71
7,27	0,69
7,30	0,71
7,32	0,70
7,35	0,72
7,37	0,71
7,39	0,72
7,42	0,76
7,44	0,77
7,47	0,76
7,49	0,79
7,52	0,75
7,54	0,77
7,57	0,76
7,59	0,73
7,61	0,73
7,64	0,73
7,66	0,72
7,69	0,75
7,71	0,73
7,74	0,74
7,76	0,76
7,78	0,77
7,81	0,78
7,83	0,79
7,86	0,77
7,88	0,79
7,91	0,81
7,93	0,80
7,96	0,81
7,98	0,80
8,00	0,80
8,03	0,82
8,05	0,82
8,08	0,82
8,10	0,82
8,13	0,81
8,15	0,85
8,18	0,85
8,20	0,86
8,22	0,86
8,25	0,84
8,27	0,85
8,30	0,85
8,32	0,83
8,35	0,84
8,37	0,83
8,40	0,84
8,42	0,87
8,44	0,87
8,47	0,87
8,49	0,88
8,52	0,88
8,54	0,89
8,57	0,88
8,59	0,87
8,62	0,87
8,64	0,88
8,66	0,88
8,69	0,90
8,71	0,87
8,74	0,88
8,76	0,88
8,79	0,89
8,81	0,89
8,84	0,90
8,86	0,88
8,88	0,92
8,91	0,92
8,93	0,93
8,96	0,93
8,98	0,93
9,01	0,93
9,03	0,94
9,05	0,91
9,08	0,93
9,10	0,92
9,13	0,92
9,15	0,93
9,18	0,94
9,20	0,93
9,23	0,94
9,25	0,93
9,27	0,94
9,30	0,94
9,32	0,95
9,35	0,96
9,37	0,97
9,40	0,97
9,42	0,98
9,45	0,96
9,47	0,96
9,49	0,96
9,52	0,94
9,54	0,94
9,57	0,95
9,59	0,95
9,62	0,99
9,64	0,99
9,67	0,99
9,69	0,99
9,71	0,98
9,74	0,99
9,76	0,99
9,79	0,97
9,81	0,97
9,84	0,96
9,86	0,96
9,89	0,98
9,91	0,98
9,93	0,98
9,96	0,99
9,98	0,99
10,01	1,01
10,03	1,01
10,06	1,00
10,08	1,02
10,10	1,01
10,13	1,01
10,15	1,01
10,18	1,01
10,20	1,01
10,23	1,02
10,25	1,00
10,28	1,03
10,30	1,02
10,32	1,02
10,35	1,04
10,37	1,05
10,40	1,03
10,42	1,05
10,45	1,02
10,47	1,04
10,50	1,03
10,52	1,04
10,54	1,04
10,57	1,05
10,59	1,04
10,62	1,08
10,64	1,06
10,67	1,08
10,69	1,08
10,72	1,09
10,74	1,09
10,76	1,10
10,79	1,08
10,81	1,11
10,84	1,10
10,86	1,10
10,89	1,11
10,91	1,12
10,94	1,10
10,96	1,11
10,98	1,11
11,01	1,14
11,03	1,14
11,06	1,14
11,08	1,15
11,11	1,16
11,13	1,17
11,15	1,19
11,18	1,18
11,20	1,20
11,23	1,19
11,25	1,20
11,28	1,21
11,30	1,20
11,33	1,21
11,35	1,22
11,37	1,23
11,40	1,24
11,42	1,27
11,45	1,27
11,47	1,31
11,50	1,32
11,52	1,31
11,55	1,32
11,57	1,33
11,59	1,32
11,62	1,36
11,64	1,36
11,67	1,38
11,69	1,39
11,72	1,41
11,74	1,42
11,77	1,44
11,79	1,42
11,81	1,44
11,84	1,42
11,86	1,45
11,89	1,46
11,91	1,47
11,94	1,46
11,96	1,48
11,99	1,47
12,01	1,51
12,03	1,48
12,06	1,50
12,08	1,51
12,11	1,54
12,13	1,53
12,16	1,56
12,18	1,54
12,21	1,58
12,23	1,57
12,25	1,59
12,28	1,58
12,30	1,60
12,33	1,59
12,35	1,64
12,38	1,62
12,40	1,64
12,42	1,63
12,45	1,64
12,47	1,65
12,50	1,66
12,52	1,63
12,55	1,66
12,57	1,65
12,60	1,67
12,62	1,67
12,64	1,67
12,67	1,67
12,69	1,67
12,72	1,66
12,74	1,67
12,77	1,64
12,79	1,64
12,82	1,66
12,84	1,66
12,86	1,66
12,89	1,67
12,91	1,65
12,94	1,68
12,96	1,68
12,99	1,67
13,01	1,67
13,04	1,67
13,06	1,66
13,08	1,69
13,11	1,69
13,13	1,69
13,16	1,69
13,18	1,69
13,21	1,70
13,23	1,70
13,26	1,67
13,28	1,67
13,30	1,65
13,33	1,65
13,35	1,65
13,38	1,63
13,40	1,63
13,43	1,63
13,45	1,63
13,47	1,63
13,50	1,61
13,52	1,60
13,55	1,62
13,57	1,61
13,60	1,61
13,62	1,60
13,65	1,59
13,67	1,60
13,69	1,60
13,72	1,57
13,74	1,58
13,77	1,57
13,79	1,57
13,82	1,59
13,84	1,59
13,87	1,59
13,89	1,60
13,91	1,58
13,94	1,61
13,96	1,58
13,99	1,57
14,01	1,56
14,04	1,55
14,06	1,52
14,09	1,53
14,11	1,50
14,13	1,52
14,16	1,49
14,18	1,50
14,21	1,49
14,23	1,52
14,26	1,50
14,28	1,53
14,31	1,50
14,33	1,52
14,35	1,52
14,38	1,54
14,40	1,52
14,43	1,53
14,45	1,49
14,48	1,50
14,50	1,50
14,52	1,51
14,55	1,52
14,57	1,52
14,60	1,52
14,62	1,53
14,65	1,54
14,67	1,56
14,70	1,55
14,72	1,53
14,74	1,52
14,77	1,52
14,79	1,52
14,82	1,52
14,84	1,51
14,87	1,52
14,89	1,52
14,92	1,52
14,94	1,55
14,96	1,56
14,99	1,56
15,01	1,58
15,04	1,59
15,06	1,60
15,09	1,62
15,11	1,61
15,14	1,63
15,16	1,63
15,18	1,63
15,21	1,63
15,23	1,65
15,26	1,64
15,28	1,69
15,31	1,68
15,33	1,69
15,36	1,68
15,38	1,71
15,40	1,72
15,43	1,74
15,45	1,72
15,48	1,76
15,50	1,76
15,53	1,79
15,55	1,79
15,57	1,81
15,60	1,81
15,62	1,83
15,65	1,82
15,67	1,86
15,70	1,86
15,72	1,87
15,75	1,89
15,77	1,92
15,79	1,93
15,82	1,96
15,84	1,97
15,87	2,01
15,89	2,03
15,92	2,05
15,94	2,06
15,97	2,08
15,99	2,09
16,01	2,14
16,04	2,14
16,06	2,17
16,09	2,18
16,11	2,21
16,14	2,24
16,16	2,27
16,19	2,28
16,21	2,32
16,23	2,32
16,26	2,35
16,28	2,37
16,31	2,38
16,33	2,41
16,36	2,44
16,38	2,46
16,41	2,49
16,43	2,51
16,45	2,54
16,48	2,60
16,50	2,61
16,53	2,64
16,55	2,66
16,58	2,69
16,60	2,72
16,63	2,74
16,65	2,74
16,67	2,78
16,70	2,80
16,72	2,82
16,75	2,87
16,77	2,89
16,80	2,91
16,82	2,93
16,84	2,94
16,87	2,99
16,89	3,00
16,92	3,00
16,94	3,03
16,97	3,03
16,99	3,04
17,02	3,05
17,04	3,04
17,06	3,06
17,09	3,06
17,11	3,07
17,14	3,09
17,16	3,10
17,19	3,10
17,21	3,14
17,24	3,13
17,26	3,15
17,28	3,13
17,31	3,14
17,33	3,12
17,36	3,12
17,38	3,08
17,41	3,10
17,43	3,06
17,46	3,07
17,48	3,05
17,50	3,06
17,53	3,07
17,55	3,07
17,58	3,05
17,60	3,08
17,63	3,06
17,65	3,05
17,68	3,04
17,70	3,01
17,72	2,99
17,75	2,98
17,77	2,95
17,80	2,94
17,82	2,91
17,85	2,90
17,87	2,89
17,89	2,87
17,92	2,84
17,94	2,84
17,97	2,82
17,99	2,81
18,02	2,78
18,04	2,76
18,07	2,73
18,09	2,72
18,11	2,68
18,14	2,67
18,16	2,62
18,19	2,61
18,21	2,59
18,24	2,58
18,26	2,55
18,29	2,53
18,31	2,50
18,33	2,52
18,36	2,49
18,38	2,46
18,41	2,44
18,43	2,41
18,46	2,39
18,48	2,38
18,51	2,34
18,53	2,33
18,55	2,30
18,58	2,28
18,60	2,29
18,63	2,28
18,65	2,26
18,68	2,25
18,70	2,23
18,73	2,21
18,75	2,21
18,77	2,18
18,80	2,17
18,82	2,14
18,85	2,13
18,87	2,12
18,90	2,11
18,92	2,07
18,94	2,08
18,97	2,05
18,99	2,06
19,02	2,04
19,04	2,04
19,07	2,06
19,09	2,07
19,12	2,04
19,14	2,06
19,16	2,02
19,19	2,02
19,21	2,01
19,24	1,99
19,26	1,98
19,29	1,99
19,31	1,97
19,34	2,02
19,36	2,00
19,38	2,02
19,41	2,01
19,43	2,03
19,46	2,03
19,48	2,05
19,51	2,03
19,53	2,05
19,56	2,05
19,58	2,06
19,60	2,07
19,63	2,07
19,65	2,07
19,68	2,09
19,70	2,11
19,73	2,13
19,75	2,15
19,78	2,15
19,80	2,20
19,82	2,21
19,85	2,23
19,87	2,24
19,90	2,23
19,92	2,23
19,95	2,26
19,97	2,26
19,99	2,29
20,02	2,30
20,04	2,32
20,07	2,37
20,09	2,41
20,12	2,42
20,14	2,47
20,17	2,48
20,19	2,52
20,21	2,54
20,24	2,56
20,26	2,58
20,29	2,63
20,31	2,63
20,34	2,68
20,36	2,68
20,39	2,72
20,41	2,74
20,43	2,79
20,46	2,82
20,48	2,87
20,51	2,87
20,53	2,96
20,56	2,98
20,58	3,02
20,61	3,04
20,63	3,06
20,65	3,08
20,68	3,12
20,70	3,13
20,73	3,19
20,75	3,21
20,78	3,26
20,80	3,31
20,83	3,37
20,85	3,40
20,87	3,45
20,90	3,48
20,92	3,54
20,95	3,57
20,97	3,62
21,00	3,65
21,02	3,70
21,05	3,74
21,07	3,80
21,09	3,82
21,12	3,88
21,14	3,94
21,17	4,00
21,19	4,05
21,22	4,10
21,24	4,13
21,26	4,22
21,29	4,25
21,31	4,28
21,34	4,32
21,36	4,34
21,39	4,39
21,41	4,44
21,44	4,46
21,46	4,52
21,48	4,55
21,51	4,60
21,53	4,67
21,56	4,71
21,58	4,75
21,61	4,79
21,63	4,82
21,66	4,87
21,68	4,89
21,70	4,91
21,73	4,93
21,75	4,95
21,78	4,98
21,80	5,02
21,83	5,01
21,85	5,04
21,88	5,05
21,90	5,06
21,92	5,08
21,95	5,09
21,97	5,08
22,00	5,13
22,02	5,12
22,05	5,12
22,07	5,11
22,10	5,08
22,12	5,08
22,14	5,06
22,17	5,02
22,19	5,00
22,22	4,98
22,24	4,95
22,27	4,95
22,29	4,92
22,31	4,90
22,34	4,87
22,36	4,86
22,39	4,85
22,41	4,83
22,44	4,78
22,46	4,75
22,49	4,71
22,51	4,67
22,53	4,62
22,56	4,55
22,58	4,49
22,61	4,45
22,63	4,40
22,66	4,36
22,68	4,31
22,71	4,27
22,73	4,25
22,75	4,21
22,78	4,16
22,80	4,12
22,83	4,05
22,85	4,00
22,88	3,94
22,90	3,89
22,93	3,83
22,95	3,77
22,97	3,72
23,00	3,70
23,02	3,64
23,05	3,61
23,07	3,56
23,10	3,53
23,12	3,49
23,15	3,46
23,17	3,39
23,19	3,34
23,22	3,30
23,24	3,26
23,27	3,23
23,29	3,18
23,32	3,13
23,34	3,10
23,36	3,07
23,39	3,05
23,41	3,02
23,44	2,97
23,46	2,95
23,49	2,92
23,51	2,89
23,54	2,86
23,56	2,83
23,58	2,80
23,61	2,78
23,63	2,75
23,66	2,75
23,68	2,71
23,71	2,71
23,73	2,69
23,76	2,68
23,78	2,66
23,80	2,67
23,83	2,66
23,85	2,68
23,88	2,65
23,90	2,66
23,93	2,65
23,95	2,66
23,98	2,64
24,00	2,67
24,02	2,64
24,05	2,66
24,07	2,65
24,10	2,67
24,12	2,68
24,15	2,70
24,17	2,67
24,20	2,72
24,22	2,71
24,24	2,74
24,27	2,72
24,29	2,75
24,32	2,75
24,34	2,77
24,37	2,77
24,39	2,80
24,42	2,78
24,44	2,80
24,46	2,82
24,49	2,86
24,51	2,87
24,54	2,92
24,56	2,93
24,59	3,00
24,61	3,03
24,63	3,06
24,66	3,08
24,68	3,12
24,71	3,15
24,73	3,20
24,76	3,24
24,78	3,28
24,81	3,32
24,83	3,35
24,85	3,41
24,88	3,44
24,90	3,47
24,93	3,51
24,95	3,54
24,98	3,58
25,00	3,64
25,03	3,67
25,05	3,73
25,07	3,78
25,10	3,81
25,12	3,86
25,15	3,88
25,17	3,92
25,20	3,99
25,22	4,03
25,25	4,09
25,27	4,14
25,29	4,21
25,32	4,28
25,34	4,35
25,37	4,38
25,39	4,45
25,42	4,49
25,44	4,55
25,47	4,62
25,49	4,67
25,51	4,72
25,54	4,78
25,56	4,83
25,59	4,92
25,61	4,98
25,64	5,02
25,66	5,09
25,68	5,15
25,71	5,21
25,73	5,29
25,76	5,34
25,78	5,41
25,81	5,46
25,83	5,53
25,86	5,59
25,88	5,63
25,90	5,68
25,93	5,77
25,95	5,83
25,98	5,91
26,00	5,99
26,03	6,07
26,05	6,15
26,08	6,24
26,10	6,28
26,12	6,35
26,15	6,40
26,17	6,46
26,20	6,54
26,22	6,61
26,25	6,67
26,27	6,74
26,30	6,79
26,32	6,87
26,34	6,93
26,37	6,96
26,39	7,02
26,42	7,07
26,44	7,11
26,47	7,18
26,49	7,21
26,52	7,25
26,54	7,29
26,56	7,33
26,59	7,37
26,61	7,34
26,64	7,37
26,66	7,42
26,69	7,44
26,71	7,47
26,73	7,49
26,76	7,50
26,78	7,59
26,81	7,60
26,83	7,59
26,86	7,60
26,88	7,60
26,91	7,59
26,93	7,60
26,95	7,57
26,98	7,55
27,00	7,51
27,03	7,48
27,05	7,45
27,08	7,41
27,10	7,33
27,13	7,29
27,15	7,23
27,17	7,20
27,20	7,15
27,22	7,10
27,25	7,04
27,27	7,00
27,30	6,93
27,32	6,89
27,35	6,80
27,37	6,73
27,39	6,64
27,42	6,59
27,44	6,50
27,47	6,45
27,49	6,35
27,52	6,30
27,54	6,22
27,57	6,17
27,59	6,08
27,61	6,01
27,64	5,91
27,66	5,87
27,69	5,76
27,71	5,69
27,74	5,59
27,76	5,51
27,78	5,43
27,81	5,36
27,83	5,25
27,86	5,20
27,88	5,10
27,91	5,03
27,93	4,95
27,96	4,87
27,98	4,80
28,00	4,74
28,03	4,66
28,05	4,61
28,08	4,52
28,10	4,47
28,13	4,42
28,15	4,37
28,18	4,30
28,20	4,24
28,22	4,18
28,25	4,14
28,27	4,10
28,30	4,05
28,32	4,00
28,35	3,95
28,37	3,92
28,40	3,91
28,42	3,87
28,44	3,83
28,47	3,80
28,49	3,76
28,52	3,76
28,54	3,72
28,57	3,69
28,59	3,66
28,62	3,64
28,64	3,62
28,66	3,61
28,69	3,59
28,71	3,60
28,74	3,57
28,76	3,58
28,79	3,58
28,81	3,58
28,84	3,57
28,86	3,61
28,88	3,59
28,91	3,62
28,93	3,61
28,96	3,62
28,98	3,61
29,01	3,65
29,03	3,62
29,05	3,66
29,08	3,66
29,10	3,70
29,13	3,73
29,15	3,77
29,18	3,79
29,20	3,83
29,23	3,84
29,25	3,91
29,27	3,92
29,30	3,95
29,32	3,96
29,35	3,99
29,37	4,01
29,40	4,07
29,42	4,07
29,45	4,12
29,47	4,16
29,49	4,22
29,52	4,28
29,54	4,35
29,57	4,40
29,59	4,48
29,62	4,51
29,64	4,57
29,67	4,62
29,69	4,68
29,71	4,72
29,74	4,77
29,76	4,80
29,79	4,88
29,81	4,94
29,84	5,00
29,86	5,09
29,89	5,16
29,91	5,23
29,93	5,29
29,96	5,35
29,98	5,43
30,01	5,49
30,03	5,52
30,06	5,59
30,08	5,63
30,10	5,70
30,13	5,78
30,15	5,84
30,18	5,93
30,20	6,00
30,23	6,08
30,25	6,19
30,28	6,26
30,30	6,33
30,32	6,42
30,35	6,49
30,37	6,56
30,40	6,64
30,42	6,71
30,45	6,80
30,47	6,89
30,50	6,95
30,52	7,05
30,54	7,13
30,57	7,23
30,59	7,34
30,62	7,42
30,64	7,53
30,67	7,62
30,69	7,69
30,72	7,79
30,74	7,88
30,76	7,95
30,79	8,05
30,81	8,10
30,84	8,20
30,86	8,30
30,89	8,38
30,91	8,47
30,94	8,55
30,96	8,63
30,98	8,74
31,01	8,82
31,03	8,90
31,06	9,00
31,08	9,08
31,11	9,17
31,13	9,26
31,15	9,32
31,18	9,40
31,20	9,49
31,23	9,55
31,25	9,64
31,28	9,70
31,30	9,77
31,33	9,85
31,35	9,92
31,37	9,98
31,40	10,03
31,42	10,07
31,45	10,15
31,47	10,20
31,50	10,22
31,52	10,26
31,55	10,27
31,57	10,30
31,59	10,34
31,62	10,35
31,64	10,36
31,67	10,37
31,69	10,36
31,72	10,39
31,74	10,38
31,77	10,35
31,79	10,37
31,81	10,35
31,84	10,34
31,86	10,32
31,89	10,29
31,91	10,24
31,94	10,21
31,96	10,13
31,99	10,09
32,01	10,00
32,03	9,93
32,06	9,85
32,08	9,80
32,11	9,73
32,13	9,68
32,16	9,58
32,18	9,56
32,20	9,47
32,23	9,42
32,25	9,31
32,28	9,20
32,30	9,06
32,33	8,99
32,35	8,85
32,38	8,76
32,40	8,63
32,42	8,54
32,45	8,45
32,47	8,38
32,50	8,26
32,52	8,19
32,55	8,07
32,57	7,98
32,60	7,85
32,62	7,73
32,64	7,59
32,67	7,48
32,69	7,32
32,72	7,23
32,74	7,10
32,77	7,01
32,79	6,91
32,82	6,83
32,84	6,72
32,86	6,65
32,89	6,55
32,91	6,49
32,94	6,36
32,96	6,26
32,99	6,16
33,01	6,05
33,04	5,95
33,06	5,86
33,08	5,75
33,11	5,69
33,13	5,60
33,16	5,52
33,18	5,49
33,21	5,42
33,23	5,36
33,26	5,32
33,28	5,26
33,30	5,21
33,33	5,16
33,35	5,11
33,38	5,07
33,40	5,03
33,43	4,97
33,45	4,94
33,47	4,91
33,50	4,86
33,52	4,84
33,55	4,81
33,57	4,80
33,60	4,78
33,62	4,76
33,65	4,77
33,67	4,78
33,69	4,76
33,72	4,77
33,74	4,74
33,77	4,76
33,79	4,75
33,82	4,74
33,84	4,73
33,87	4,75
33,89	4,74
33,91	4,79
33,94	4,79
33,96	4,82
33,99	4,84
34,01	4,88
34,04	4,92
34,06	4,97
34,09	4,98
34,11	5,04
34,13	5,07
34,16	5,10
34,18	5,13
34,21	5,15
34,23	5,19
34,26	5,24
34,28	5,26
34,31	5,32
34,33	5,36
34,35	5,42
34,38	5,50
34,40	5,57
34,43	5,62
34,45	5,71
34,48	5,75
34,50	5,81
34,52	5,87
34,55	5,91
34,57	5,96
34,60	6,02
34,62	6,07
34,65	6,17
34,67	6,24
34,70	6,32
34,72	6,40
34,74	6,50
34,77	6,59
34,79	6,68
34,82	6,76
34,84	6,84
34,87	6,93
34,89	7,00
34,92	7,09
34,94	7,15
34,96	7,23
34,99	7,32
35,01	7,42
35,04	7,51
35,06	7,62
35,09	7,70
35,11	7,84
35,14	7,93
35,16	8,02
35,18	8,10
35,21	8,18
35,23	8,26
35,26	8,36
35,28	8,44
35,31	8,52
35,33	8,60
35,36	8,70
35,38	8,83
35,40	8,93
35,43	9,04
35,45	9,15
35,48	9,26
35,50	9,39
35,53	9,51
35,55	9,60
35,57	9,70
35,60	9,79
35,62	9,88
35,65	9,97
35,67	10,06
35,70	10,16
35,72	10,27
35,75	10,38
35,77	10,50
35,79	10,62
35,82	10,72
35,84	10,88
35,87	10,98
35,89	11,07
35,92	11,18
35,94	11,27
35,97	11,36
35,99	11,46
36,01	11,52
36,04	11,62
36,06	11,70
36,09	11,80
36,11	11,90
36,14	12,01
36,16	12,10
36,19	12,21
36,21	12,29
36,23	12,39
36,26	12,46
36,28	12,53
36,31	12,58
36,33	12,64
36,36	12,68
36,38	12,75
36,41	12,79
36,43	12,84
36,45	12,89
36,48	12,93
36,50	12,98
36,53	13,01
36,55	13,03
36,58	13,07
36,60	13,09
36,62	13,10
36,65	13,10
36,67	13,09
36,70	13,10
36,72	13,08
36,75	13,07
36,77	13,04
36,80	12,99
36,82	12,96
36,84	12,95
36,87	12,89
36,89	12,85
36,92	12,78
36,94	12,74
36,97	12,70
36,99	12,65
37,02	12,57
37,04	12,53
37,06	12,43
37,09	12,37
37,11	12,27
37,14	12,17
37,16	12,07
37,19	11,98
37,21	11,84
37,24	11,76
37,26	11,63
37,28	11,55
37,31	11,43
37,33	11,33
37,36	11,20
37,38	11,11
37,41	10,97
37,43	10,88
37,46	10,72
37,48	10,61
37,50	10,45
37,53	10,33
37,55	10,17
37,58	10,06
37,60	9,89
37,63	9,80
37,65	9,67
37,68	9,57
37,70	9,45
37,72	9,35
37,75	9,20
37,77	9,13
37,80	8,99
37,82	8,88
37,85	8,75
37,87	8,62
37,89	8,49
37,92	8,40
37,94	8,24
37,97	8,14
37,99	8,03
38,02	7,93
38,04	7,84
38,07	7,76
38,09	7,65
38,11	7,57
38,14	7,48
38,16	7,39
38,19	7,30
38,21	7,21
38,24	7,13
38,26	7,05
38,29	6,97
38,31	6,91
38,33	6,85
38,36	6,80
38,38	6,76
38,41	6,71
38,43	6,69
38,46	6,65
38,48	6,61
38,51	6,59
38,53	6,56
38,55	6,53
38,58	6,52
38,60	6,48
38,63	6,46
38,65	6,44
38,68	6,43
38,70	6,43
38,73	6,44
38,75	6,41
38,77	6,44
38,80	6,44
38,82	6,45
38,85	6,46
38,87	6,46
38,90	6,46
38,92	6,48
38,94	6,49
38,97	6,53
38,99	6,54
39,02	6,57
39,04	6,60
39,07	6,63
39,09	6,67
39,12	6,71
39,14	6,74
39,16	6,80
39,19	6,84
39,21	6,89
39,24	6,94
39,26	7,00
39,29	7,06
39,31	7,14
39,34	7,20
39,36	7,28
39,38	7,34
39,41	7,40
39,43	7,47
39,46	7,53
39,48	7,57
39,51	7,65
39,53	7,69
39,56	7,78
39,58	7,86
39,60	7,95
39,63	8,04
39,65	8,14
39,68	8,22
39,70	8,33
39,73	8,38
39,75	8,46
39,78	8,55
39,80	8,63
39,82	8,71
39,85	8,81
39,87	8,89
39,90	9,03
39,92	9,14
39,95	9,23
39,97	9,35
39,99	9,45
40,02	9,55
40,04	9,68
40,07	9,78
40,09	9,86
40,12	9,96
40,14	10,06
40,17	10,18
40,19	10,28
40,21	10,36
40,24	10,48
40,26	10,60
40,29	10,74
40,31	10,87
40,34	10,98
40,36	11,10
40,39	11,23
40,41	11,36
40,43	11,47
40,46	11,55
40,48	11,65
40,51	11,78
40,53	11,89
40,56	12,01
40,58	12,13
40,61	12,25
40,63	12,40
40,65	12,54
40,68	12,65
40,70	12,78
40,73	12,90
40,75	13,02
40,78	13,15
40,80	13,27
40,83	13,39
40,85	13,50
40,87	13,61
40,90	13,74
40,92	13,85
40,95	13,96
40,97	14,07
41,00	14,18
41,02	14,29
41,05	14,43
41,07	14,53
41,09	14,64
41,12	14,71
41,14	14,80
41,17	14,90
41,19	14,97
41,22	15,02
41,24	15,09
41,26	15,15
41,29	15,25
41,31	15,32
41,34	15,39
41,36	15,47
41,39	15,54
41,41	15,58
41,44	15,64
41,46	15,68
41,48	15,73
41,51	15,77
41,53	15,80
41,56	15,83
41,58	15,85
41,61	15,87
41,63	15,88
41,66	15,90
41,68	15,87
41,70	15,87
41,73	15,85
41,75	15,85
41,78	15,83
41,80	15,81
41,83	15,76
41,85	15,75
41,88	15,71
41,90	15,69
41,92	15,62
41,95	15,58
41,97	15,53
42,00	15,48
42,02	15,39
42,05	15,35
42,07	15,25
42,10	15,20
42,12	15,09
42,14	15,01
42,17	14,91
42,19	14,85
42,22	14,73
42,24	14,68
42,27	14,56
42,29	14,49
42,31	14,38
42,34	14,28
42,36	14,14
42,39	14,03
42,41	13,86
42,44	13,76
42,46	13,59
42,49	13,46
42,51	13,34
42,53	13,23
42,56	13,11
42,58	13,01
42,61	12,88
42,63	12,80
42,66	12,67
42,68	12,55
42,71	12,43
42,73	12,31
42,75	12,17
42,78	12,05
42,80	11,90
42,83	11,80
42,85	11,66
42,88	11,54
42,90	11,41
42,93	11,30
42,95	11,19
42,97	11,12
43,00	10,99
43,02	10,91
43,05	10,78
43,07	10,68
43,10	10,58
43,12	10,48
43,15	10,34
43,17	10,26
43,19	10,15
43,22	10,07
43,24	9,98
43,27	9,90
43,29	9,83
43,32	9,78
43,34	9,71
43,36	9,66
43,39	9,59
43,41	9,55
43,44	9,52
43,46	9,46
43,49	9,42
43,51	9,38
43,54	9,32
43,56	9,29
43,58	9,26
43,61	9,21
43,63	9,19
43,66	9,15
43,68	9,13
43,71	9,14
43,73	9,13
43,76	9,12
43,78	9,12
43,80	9,10
43,83	9,13
43,85	9,13
43,88	9,12
43,90	9,14
43,93	9,11
43,95	9,11
43,98	9,15
44,00	9,14
44,02	9,18
44,05	9,20
44,07	9,21
44,10	9,27
44,12	9,31
44,15	9,33
44,17	9,40
44,20	9,43
44,22	9,48
44,24	9,53
44,27	9,58
44,29	9,62
44,32	9,69
44,34	9,71
44,37	9,79
44,39	9,83
44,41	9,90
44,44	9,99
44,46	10,08
44,49	10,14
44,51	10,23
44,54	10,31
44,56	10,43
44,59	10,52
44,61	10,58
44,63	10,66
44,66	10,73
44,68	10,81
44,71	10,90
44,73	10,97
44,76	11,06
44,78	11,15
44,81	11,25
44,83	11,38
44,85	11,49
44,88	11,61
44,90	11,74
44,93	11,87
44,95	11,99
44,98	12,11
45,00	12,20
45,03	12,32
45,05	12,42
45,07	12,51
45,10	12,62
45,12	12,74
45,15	12,86
45,17	13,02
45,20	13,15
45,22	13,31
45,25	13,46
45,27	13,61
45,29	13,76
45,32	13,90
45,34	13,99
45,37	14,13
45,39	14,21
45,42	14,33
45,44	14,44
45,47	14,56
45,49	14,70
45,51	14,86
45,54	15,00
45,56	15,18
45,59	15,32
45,61	15,46
45,64	15,63
45,66	15,74
45,68	15,87
45,71	16,01
45,73	16,13
45,76	16,28
45,78	16,41
45,81	16,51
45,83	16,67
45,86	16,83
45,88	16,95
45,90	17,11
45,93	17,22
45,95	17,37
45,98	17,51
46,00	17,64
46,03	17,77
46,05	17,90
46,08	18,01
46,10	18,16
46,12	18,25
46,15	18,36
46,17	18,48
46,20	18,58
46,22	18,70
46,25	18,80
46,27	18,89
46,30	19,00
46,32	19,10
46,34	19,19
46,37	19,30
46,39	19,37
46,42	19,46
46,44	19,54
46,47	19,61
46,49	19,68
46,52	19,77
46,54	19,81
46,56	19,89
46,59	19,94
46,61	20,00
46,64	20,05
46,66	20,09
46,69	20,12
46,71	20,16
46,73	20,16
46,76	20,21
46,78	20,22
46,81	20,25
46,83	20,26
46,86	20,26
46,88	20,25
46,91	20,27
46,93	20,24
46,95	20,25
46,98	20,22
47,00	20,21
47,03	20,21
47,05	20,21
47,08	20,16
47,10	20,18
47,13	20,12
47,15	20,10
47,17	20,06
47,20	20,01
47,22	19,96
47,25	19,91
47,27	19,81
47,30	19,77
47,32	19,67
47,35	19,62
47,37	19,56
47,39	19,49
47,42	19,42
47,44	19,36
47,47	19,28
47,49	19,25
47,52	19,16
47,54	19,08
47,57	19,00
47,59	18,90
47,61	18,81
47,64	18,74
47,66	18,61
47,69	18,53
47,71	18,43
47,74	18,35
47,76	18,28
47,78	18,19
47,81	18,10
47,83	18,04
47,86	17,95
47,88	17,88
47,91	17,80
47,93	17,72
47,96	17,62
47,98	17,54
48,00	17,44
48,03	17,37
48,05	17,27
48,08	17,20
48,10	17,14
48,13	17,08
48,15	17,02
48,18	16,96
48,20	16,89
48,22	16,88
48,25	16,81
48,27	16,75
48,30	16,68
48,32	16,61
48,35	16,56
48,37	16,53
48,40	16,45
48,42	16,44
48,44	16,40
48,47	16,39
48,49	16,40
48,52	16,39
48,54	16,39
48,57	16,42
48,59	16,42
48,62	16,48
48,64	16,51
48,66	16,55
48,69	16,63
48,71	21,43
48,74	26,20
48,76	30,99
48,79	35,76
48,81	40,52
48,84	45,27
48,86	50,00
48,88	50,00
48,91	50,00
48,93	50,00
48,96	50,00
48,98	50,00
49,01	50,00
49,03	50,00
49,05	50,00
49,08	50,00
49,10	50,00
49,13	50,00
49,15	50,00
49,18	50,00
49,20	50,00
49,23	50,00
49,25	50,00
49,27	50,00
49,30	50,00
49,32	50,00
49,35	50,00
49,37	50,00
49,40	50,00
49,42	50,00
49,45	50,00
49,47	50,00
49,49	50,00
49,52	50,00
49,54	50,00
49,57	50,00
49,59	50,00
49,62	50,00
49,64	50,00
49,67	50,00
49,69	50,00
49,71	50,00
49,74	50,00
49,76	50,00
49,79	50,00
49,81	50,00
49,84	50,00
49,86	50,00
49,89	50,00
49,91	50,00
49,93	50,00
49,96	50,00
49,98	50,00
50,01	50,00
50,03	50,00
50,06	50,00
50,08	50,00
50,10	50,00
50,13	50,00
50,15	50,00
50,18	50,00
50,20	50,00
50,23	50,00
50,25	50,00
50,28	50,00
50,30	50,00
50,32	50,00
50,35	50,00
50,37	50,00
50,40	50,00
50,42	50,00
50,45	50,00
50,47	50,00
50,50	50,00
50,52	50,00
50,54	50,00
50,57	50,00
50,59	50,00
50,62	50,00
50,64	50,00
50,67	50,00
50,69	50,00
50,72	50,00
50,74	50,00
50,76	50,00
50,79	50,00
50,81	50,00
50,84	50,00
50,86	50,00
50,89	50,00
50,91	50,00
50,94	50,00
50,96	50,00
50,98	50,00
51,01	50,00
51,03	50,00
51,06	50,00
51,08	50,00
51,11	50,00
51,13	50,00
51,15	50,00
51,18	50,00
51,20	50,00
51,23	50,00
51,25	50,00
51,28	50,00
51,30	50,00
51,33	50,00
51,35	50,00
51,37	50,00
51,40	50,00
51,42	50,00
51,45	50,00
51,47	50,00
51,50	50,00
51,52	50,00
51,55	50,00
51,57	50,00
51,59	50,00
51,62	50,00
51,64	50,00
51,67	50,00
51,69	50,00
51,72	50,00
51,74	50,00
51,77	50,00
51,79	50,00
51,81	50,00
51,84	50,00
51,86	50,00
51,89	50,00
51,91	50,00
51,94	50,00
51,96	50,00
51,99	50,00
52,01	50,00
52,03	50,00
52,06	50,00
52,08	50,00
52,11	50,00
52,13	50,00
52,16	50,00
52,18	50,00
52,20	50,00
52,23	50,00
52,25	50,00
52,28	50,00
52,30	50,00
52,33	50,00
52,35	50,00
52,38	50,00
52,40	50,00
52,42	50,00
52,45	50,00
52,47	50,00
52,50	50,00
52,52	50,00
52,55	50,00
52,57	50,00
52,60	50,00
52,62	50,00
52,64	50,00
52,67	50,00
52,69	50,00
52,72	50,00
52,74	50,00
52,77	50,00
52,79	50,00
52,82	50,00
52,84	50,00
52,86	50,00
52,89	50,00
52,91	50,00
52,94	50,00
52,96	50,00
52,99	50,00
53,01	50,00
53,04	50,00
53,06	50,00
53,08	50,00
53,11	50,00
53,13	50,00
53,16	50,00
53,18	50,00
53,21	50,00
53,23	50,00
53,26	50,00
53,28	50,00
53,30	50,00
53,33	50,00
53,35	50,00
53,38	50,00
53,40	50,00
53,43	50,00
53,45	50,00
53,47	50,00
53,50	50,00
53,52	50,00
53,55	50,00
53,57	50,00
53,60	50,00
53,62	50,00
53,65	50,00
53,67	50,00
53,69	50,00
53,72	50,00
53,74	50,00
53,77	50,00
53,79	50,00
53,82	50,00
53,84	50,00
53,87	50,00
53,89	50,00
53,91	50,00
53,94	50,00
53,96	50,00
53,99	50,00
54,01	50,00
54,04	50,00
54,06	50,00
54,09	50,00
54,11	50,00
54,13	50,00
54,16	50,00
54,18	50,00
54,21	50,00
54,23	50,00
54,26	50,00
54,28	50,00
54,31	50,00
54,33	50,00
54,35	50,00
54,38	50,00
54,40	50,00
54,43	50,00
54,45	50,00
54,48	50,00
54,50	50,00
54,52	50,00
54,55	50,00
54,57	50,00
54,60	50,00
54,62	50,00
54,65	50,00
54,67	50,00
54,70	50,00
54,72	50,00
54,74	50,00
54,77	50,00
54,79	50,00
54,82	50,00
54,84	50,00
54,87	50,00
54,89	50,00
54,92	50,00
54,94	50,00
54,96	50,00
54,99	50,00
55,01	50,00
55,04	50,00
55,06	50,00
55,09	50,00
55,11	50,00
55,14	50,00
55,16	50,00
55,18	50,00
55,21	50,00
55,23	50,00
55,26	50,00
55,28	50,00
55,31	50,00
55,33	50,00
55,36	50,00
55,38	50,00
55,40	50,00
55,43	50,00
55,45	50,00
55,48	50,00
55,50	50,00
55,53	50,00
55,55	50,00
55,57	50,00
55,60	50,00
55,62	50,00
55,65	50,00
55,67	50,00
55,70	50,00
55,72	50,00
55,75	50,00
55,77	50,00
55,79	50,00
55,82	50,00
55,84	50,00
55,87	50,00
55,89	50,00
55,92	50,00
55,94	50,00
55,97	50,00
55,99	50,00
56,01	50,00
56,04	50,00
56,06	50,00
56,09	50,00
56,11	50,00
56,14	50,00
56,16	50,00
56,19	50,00
56,21	50,00
56,23	50,00
56,26	50,00
56,28	50,00
56,31	50,00
56,33	50,00
56,36	50,00
56,38	50,00
56,41	50,00
56,43	50,00
56,45	50,00
56,48	50,00
56,50	50,00
56,53	50,00
56,55	50,00
56,58	50,00
56,60	50,00
56,62	50,00
56,65	50,00
56,67	50,00
56,70	50,00
56,72	50,00
56,75	50,00
56,77	50,00
56,80	50,00
56,82	50,00
56,84	50,00
56,87	50,00
56,89	50,00
56,92	50,00
56,94	50,00
56,97	50,00
56,99	50,00
57,02	50,00
57,04	50,00
57,06	50,00
57,09	50,00
57,11	50,00
57,14	50,00
57,16	50,00
57,19	50,00
57,21	50,00
57,24	50,00
57,26	50,00
57,28	50,00
57,31	50,00
57,33	50,00
57,36	50,00
57,38	50,00
57,41	50,00
57,43	50,00
57,46	50,00
57,48	50,00
57,50	50,00
57,53	50,00
57,55	50,00
57,58	50,00
57,60	50,00
57,63	50,00
57,65	50,00
57,68	50,00
57,70	50,00
57,72	50,00
57,75	50,00
57,77	50,00
57,80	50,00
57,82	50,00
57,85	50,00
57,87	50,00
57,89	50,00
57,92	50,00
57,94	50,00
57,97	50,00
57,99	50,00
58,02	50,00
58,04	50,00
58,07	50,00
58,09	50,00
58,11	50,00
58,14	50,00
58,16	50,00
58,19	50,00
58,21	50,00
58,24	50,00
58,26	50,00
58,29	50,00
58,31	50,00
58,33	50,00
58,36	50,00
58,38	50,00
58,41	50,00
58,43	50,00
58,46	50,00
58,48	50,00
58,51	50,00
58,53	50,00
58,55	50,00
58,58	50,00
58,60	50,00
58,63	50,00
58,65	50,00
58,68	50,00
58,70	50,00
58,73	50,00
58,75	50,00
58,77	50,00
58,80	50,00
58,82	50,00
58,85	50,00
58,87	50,00
58,90	50,00
58,92	50,00
58,94	50,00
58,97	50,00
58,99	50,00
59,02	50,00
59,04	50,00
59,07	50,00
59,09	50,00
59,12	50,00
59,14	50,00
59,16	50,00
59,19	50,00
59,21	50,00
59,24	50,00
59,26	50,00
59,29	50,00
59,31	50,00
59,34	50,00
59,36	50,00
59,38	50,00
59,41	50,00
59,43	50,00
59,46	50,00
59,48	50,00
59,51	50,00
59,53	50,00
59,56	50,00
59,58	50,00
59,60	50,00
59,63	50,00
59,65	50,00
59,68	50,00
59,70	50,00
59,73	50,00
59,75	50,00
59,78	50,00
59,80	50,00
59,82	50,00
59,85	50,00
59,87	50,00
59,90	50,00
59,92	50,00
59,95	50,00
59,97	50,00
59,99	50,00
