Voltage U1	Corriente IA
U1/V	IA/nA

0,02	0,44
0,04	0,44
0,07	0,43
0,09	0,44
0,12	0,43
0,14	0,43
0,17	0,42
0,19	0,43
0,21	0,41
0,24	0,43
0,26	0,42
0,29	0,44
0,31	0,43
0,34	0,43
0,36	0,43
0,39	0,43
0,41	0,42
0,43	0,42
0,46	0,40
0,48	0,40
0,51	0,41
0,53	0,42
0,56	0,42
0,58	0,42
0,61	0,41
0,63	0,42
0,65	0,42
0,68	0,42
0,70	0,43
0,73	0,42
0,75	0,43
0,78	0,41
0,80	0,42
0,83	0,42
0,85	0,42
0,87	0,39
0,90	0,40
0,92	0,40
0,95	0,43
0,97	0,41
1,00	0,43
1,02	0,40
1,05	0,42
1,07	0,41
1,09	0,43
1,12	0,39
1,14	0,41
1,17	0,40
1,19	0,42
1,22	0,40
1,24	0,42
1,26	0,40
1,29	0,43
1,31	0,41
1,34	0,41
1,36	0,41
1,39	0,43
1,41	0,41
1,44	0,45
1,46	0,44
1,48	0,45
1,51	0,44
1,53	0,46
1,56	0,44
1,58	0,45
1,61	0,41
1,63	0,44
1,66	0,40
1,68	0,42
1,70	0,41
1,73	0,42
1,75	0,41
1,78	0,43
1,80	0,40
1,83	0,42
1,85	0,39
1,88	0,40
1,90	0,40
1,92	0,41
1,95	0,40
1,97	0,42
2,00	0,40
2,02	0,43
2,05	0,43
2,07	0,42
2,10	0,41
2,12	0,41
2,14	0,39
2,17	0,42
2,19	0,40
2,22	0,41
2,24	0,41
2,27	0,42
2,29	0,42
2,31	0,44
2,34	0,42
2,36	0,43
2,39	0,43
2,41	0,43
2,44	0,43
2,46	0,41
2,49	0,41
2,51	0,42
2,53	0,43
2,56	0,43
2,58	0,40
2,61	0,40
2,63	0,44
2,66	0,44
2,68	0,43
2,71	0,42
2,73	0,42
2,75	0,43
2,78	0,43
2,80	0,40
2,83	0,41
2,85	0,40
2,88	0,41
2,90	0,42
2,93	0,44
2,95	0,43
2,97	0,45
3,00	0,43
3,02	0,45
3,05	0,43
3,07	0,43
3,10	0,43
3,12	0,43
3,15	0,41
3,17	0,43
3,19	0,42
3,22	0,44
3,24	0,42
3,27	0,43
3,29	0,43
3,32	0,44
3,34	0,42
3,36	0,44
3,39	0,43
3,41	0,44
3,44	0,42
3,46	0,44
3,49	0,44
3,51	0,46
3,54	0,42
3,56	0,44
3,58	0,41
3,61	0,43
3,63	0,43
3,66	0,43
3,68	0,41
3,71	0,44
3,73	0,42
3,76	0,47
3,78	0,47
3,80	0,45
3,83	0,44
3,85	0,45
3,88	0,44
3,90	0,45
3,93	0,42
3,95	0,40
3,98	0,41
4,00	0,42
4,02	0,42
4,05	0,42
4,07	0,43
4,10	0,45
4,12	0,45
4,15	0,45
4,17	0,45
4,20	0,44
4,22	0,44
4,24	0,44
4,27	0,43
4,29	0,44
4,32	0,44
4,34	0,45
4,37	0,48
4,39	0,47
4,42	0,47
4,44	0,45
4,46	0,47
4,49	0,48
4,51	0,48
4,54	0,45
4,56	0,48
4,59	0,45
4,61	0,46
4,63	0,46
4,66	0,46
4,68	0,44
4,71	0,45
4,73	0,42
4,76	0,46
4,78	0,44
4,81	0,45
4,83	0,46
4,85	0,46
4,88	0,45
4,90	0,47
4,93	0,46
4,95	0,48
4,98	0,46
5,00	0,45
5,03	0,46
5,05	0,46
5,07	0,45
5,10	0,49
5,12	0,46
5,15	0,48
5,17	0,48
5,20	0,48
5,22	0,48
5,25	0,49
5,27	0,45
5,29	0,48
5,32	0,45
5,34	0,45
5,37	0,45
5,39	0,45
5,42	0,45
5,44	0,46
5,47	0,46
5,49	0,48
5,51	0,48
5,54	0,48
5,56	0,51
5,59	0,52
5,61	0,52
5,64	0,53
5,66	0,52
5,68	0,52
5,71	0,53
5,73	0,50
5,76	0,51
5,78	0,50
5,81	0,50
5,83	0,53
5,86	0,54
5,88	0,54
5,90	0,56
5,93	0,55
5,95	0,57
5,98	0,56
6,00	0,55
6,03	0,56
6,05	0,55
6,08	0,55
6,10	0,55
6,12	0,54
6,15	0,57
6,17	0,57
6,20	0,58
6,22	0,59
6,25	0,61
6,27	0,60
6,30	0,63
6,32	0,62
6,34	0,62
6,37	0,60
6,39	0,62
6,42	0,61
6,44	0,65
6,47	0,62
6,49	0,64
6,52	0,63
6,54	0,64
6,56	0,65
6,59	0,66
6,61	0,64
6,64	0,66
6,66	0,64
6,69	0,68
6,71	0,69
6,73	0,69
6,76	0,69
6,78	0,69
6,81	0,68
6,83	0,70
6,86	0,68
6,88	0,69
6,91	0,68
6,93	0,69
6,95	0,70
6,98	0,71
7,00	0,71
7,03	0,74
7,05	0,73
7,08	0,76
7,10	0,75
7,13	0,76
7,15	0,76
7,17	0,78
7,20	0,75
7,22	0,77
7,25	0,76
7,27	0,78
7,30	0,80
7,32	0,81
7,35	0,79
7,37	0,80
7,39	0,81
7,42	0,84
7,44	0,84
7,47	0,83
7,49	0,83
7,52	0,83
7,54	0,83
7,57	0,84
7,59	0,84
7,61	0,85
7,64	0,85
7,66	0,86
7,69	0,89
7,71	0,90
7,74	0,90
7,76	0,92
7,78	0,92
7,81	0,93
7,83	0,94
7,86	0,93
7,88	0,94
7,91	0,94
7,93	0,92
7,96	0,91
7,98	0,92
8,00	0,90
8,03	0,92
8,05	0,90
8,08	0,92
8,10	0,91
8,13	0,93
8,15	0,95
8,18	0,97
8,20	0,96
8,22	0,98
8,25	0,94
8,27	0,96
8,30	0,95
8,32	0,94
8,35	0,93
8,37	0,93
8,40	0,91
8,42	0,94
8,44	0,93
8,47	0,94
8,49	0,95
8,52	0,97
8,54	0,98
8,57	1,00
8,59	0,99
8,62	1,00
8,64	0,99
8,66	0,98
8,69	0,98
8,71	0,97
8,74	0,96
8,76	0,98
8,79	0,96
8,81	0,99
8,84	0,98
8,86	0,98
8,88	1,00
8,91	1,01
8,93	1,00
8,96	1,02
8,98	0,99
9,01	0,98
9,03	0,98
9,05	0,96
9,08	0,96
9,10	0,96
9,13	0,96
9,15	0,99
9,18	0,99
9,20	1,00
9,23	1,03
9,25	1,03
9,27	1,03
9,30	1,02
9,32	1,01
9,35	1,01
9,37	1,02
9,40	0,99
9,42	0,99
9,45	0,98
9,47	0,99
9,49	1,00
9,52	1,01
9,54	1,00
9,57	1,01
9,59	0,99
9,62	1,03
9,64	1,02
9,67	1,04
9,69	1,03
9,71	1,02
9,74	1,01
9,76	1,03
9,79	1,00
9,81	1,01
9,84	0,99
9,86	0,99
9,89	1,01
9,91	1,02
9,93	1,01
9,96	1,05
9,98	1,04
10,01	1,08
10,03	1,07
10,06	1,08
10,08	1,08
10,10	1,10
10,13	1,07
10,15	1,10
10,18	1,06
10,20	1,09
10,23	1,07
10,25	1,09
10,28	1,09
10,30	1,11
10,32	1,09
10,35	1,16
10,37	1,14
10,40	1,16
10,42	1,15
10,45	1,14
10,47	1,13
10,50	1,14
10,52	1,11
10,54	1,12
10,57	1,11
10,59	1,12
10,62	1,15
10,64	1,18
10,67	1,19
10,69	1,22
10,72	1,22
10,74	1,24
10,76	1,26
10,79	1,28
10,81	1,27
10,84	1,28
10,86	1,27
10,89	1,30
10,91	1,31
10,94	1,33
10,96	1,35
10,98	1,35
11,01	1,37
11,03	1,38
11,06	1,38
11,08	1,43
11,11	1,45
11,13	1,43
11,15	1,46
11,18	1,44
11,20	1,47
11,23	1,46
11,25	1,46
11,28	1,45
11,30	1,46
11,33	1,47
11,35	1,52
11,37	1,53
11,40	1,58
11,42	1,58
11,45	1,61
11,47	1,63
11,50	1,67
11,52	1,67
11,55	1,69
11,57	1,70
11,59	1,73
11,62	1,74
11,64	1,76
11,67	1,76
11,69	1,80
11,72	1,81
11,74	1,85
11,77	1,86
11,79	1,89
11,81	1,93
11,84	1,96
11,86	1,96
11,89	1,99
11,91	1,97
11,94	2,01
11,96	2,00
11,99	2,02
12,01	2,00
12,03	2,03
12,06	2,02
12,08	2,06
12,11	2,05
12,13	2,07
12,16	2,07
12,18	2,10
12,21	2,11
12,23	2,13
12,25	2,11
12,28	2,13
12,30	2,13
12,33	2,15
12,35	2,16
12,38	2,14
12,40	2,14
12,42	2,16
12,45	2,17
12,47	2,19
12,50	2,19
12,52	2,18
12,55	2,21
12,57	2,21
12,60	2,20
12,62	2,20
12,64	2,20
12,67	2,20
12,69	2,21
12,72	2,19
12,74	2,20
12,77	2,18
12,79	2,18
12,82	2,18
12,84	2,16
12,86	2,13
12,89	2,14
12,91	2,13
12,94	2,15
12,96	2,13
12,99	2,11
13,01	2,10
13,04	2,12
13,06	2,10
13,08	2,09
13,11	2,05
13,13	2,05
13,16	2,04
13,18	2,05
13,21	2,03
13,23	2,04
13,26	2,00
13,28	2,04
13,30	2,01
13,33	2,01
13,35	1,98
13,38	1,98
13,40	1,96
13,43	1,97
13,45	1,94
13,47	1,95
13,50	1,89
13,52	1,90
13,55	1,88
13,57	1,88
13,60	1,86
13,62	1,87
13,65	1,84
13,67	1,87
13,69	1,85
13,72	1,85
13,74	1,82
13,77	1,82
13,79	1,79
13,82	1,80
13,84	1,78
13,87	1,80
13,89	1,79
13,91	1,78
13,94	1,78
13,96	1,79
13,99	1,77
14,01	1,77
14,04	1,75
14,06	1,73
14,09	1,74
14,11	1,73
14,13	1,73
14,16	1,73
14,18	1,74
14,21	1,73
14,23	1,72
14,26	1,69
14,28	1,72
14,31	1,71
14,33	1,72
14,35	1,70
14,38	1,70
14,40	1,72
14,43	1,74
14,45	1,71
14,48	1,73
14,50	1,71
14,52	1,72
14,55	1,74
14,57	1,76
14,60	1,77
14,62	1,79
14,65	1,78
14,67	1,81
14,70	1,81
14,72	1,82
14,74	1,81
14,77	1,82
14,79	1,83
14,82	1,86
14,84	1,85
14,87	1,89
14,89	1,88
14,92	1,90
14,94	1,91
14,96	1,89
14,99	1,88
15,01	1,93
15,04	1,93
15,06	1,96
15,09	1,97
15,11	2,02
15,14	2,04
15,16	2,09
15,18	2,08
15,21	2,12
15,23	2,12
15,26	2,15
15,28	2,15
15,31	2,19
15,33	2,19
15,36	2,23
15,38	2,23
15,40	2,29
15,43	2,30
15,45	2,33
15,48	2,34
15,50	2,38
15,53	2,40
15,55	2,45
15,57	2,46
15,60	2,50
15,62	2,52
15,65	2,55
15,67	2,59
15,70	2,61
15,72	2,63
15,75	2,68
15,77	2,69
15,79	2,73
15,82	2,77
15,84	2,81
15,87	2,88
15,89	2,92
15,92	2,93
15,94	2,97
15,97	3,00
15,99	3,05
16,01	3,10
16,04	3,12
16,06	3,16
16,09	3,20
16,11	3,26
16,14	3,32
16,16	3,36
16,19	3,36
16,21	3,41
16,23	3,45
16,26	3,52
16,28	3,56
16,31	3,61
16,33	3,64
16,36	3,70
16,38	3,73
16,41	3,79
16,43	3,80
16,45	3,85
16,48	3,88
16,50	3,94
16,53	3,96
16,55	4,04
16,58	4,06
16,60	4,14
16,63	4,18
16,65	4,23
16,67	4,25
16,70	4,30
16,72	4,32
16,75	4,39
16,77	4,41
16,80	4,45
16,82	4,46
16,84	4,50
16,87	4,52
16,89	4,58
16,92	4,56
16,94	4,60
16,97	4,59
16,99	4,63
17,02	4,62
17,04	4,64
17,06	4,62
17,09	4,65
17,11	4,64
17,14	4,67
17,16	4,64
17,19	4,64
17,21	4,63
17,24	4,65
17,26	4,61
17,28	4,60
17,31	4,56
17,33	4,57
17,36	4,55
17,38	4,53
17,41	4,51
17,43	4,48
17,46	4,45
17,48	4,47
17,50	4,45
17,53	4,42
17,55	4,39
17,58	4,36
17,60	4,33
17,63	4,30
17,65	4,23
17,68	4,19
17,70	4,15
17,72	4,08
17,75	4,05
17,77	3,99
17,80	3,97
17,82	3,91
17,85	3,89
17,87	3,83
17,89	3,80
17,92	3,73
17,94	3,71
17,97	3,64
17,99	3,62
18,02	3,54
18,04	3,52
18,07	3,46
18,09	3,46
18,11	3,38
18,14	3,37
18,16	3,30
18,19	3,27
18,21	3,23
18,24	3,22
18,26	3,15
18,29	3,13
18,31	3,06
18,33	3,06
18,36	3,01
18,38	2,96
18,41	2,91
18,43	2,88
18,46	2,83
18,48	2,83
18,51	2,77
18,53	2,75
18,55	2,71
18,58	2,71
18,60	2,68
18,63	2,68
18,65	2,63
18,68	2,65
18,70	2,61
18,73	2,62
18,75	2,58
18,77	2,57
18,80	2,55
18,82	2,54
18,85	2,48
18,87	2,49
18,90	2,45
18,92	2,46
18,94	2,47
18,97	2,47
18,99	2,46
19,02	2,46
19,04	2,46
19,07	2,50
19,09	2,50
19,12	2,46
19,14	2,45
19,16	2,43
19,19	2,45
19,21	2,45
19,24	2,45
19,26	2,47
19,29	2,49
19,31	2,50
19,34	2,55
19,36	2,56
19,38	2,57
19,41	2,58
19,43	2,58
19,46	2,59
19,48	2,64
19,51	2,63
19,53	2,66
19,56	2,67
19,58	2,69
19,60	2,71
19,63	2,75
19,65	2,75
19,68	2,82
19,70	2,83
19,73	2,89
19,75	2,91
19,78	2,95
19,80	2,99
19,82	3,04
19,85	3,04
19,87	3,09
19,90	3,09
19,92	3,14
19,95	3,15
19,97	3,19
19,99	3,21
20,02	3,26
20,04	3,28
20,07	3,37
20,09	3,40
20,12	3,47
20,14	3,53
20,17	3,60
20,19	3,63
20,21	3,70
20,24	3,71
20,26	3,76
20,29	3,79
20,31	3,83
20,34	3,86
20,36	3,93
20,39	3,98
20,41	4,08
20,43	4,14
20,46	4,22
20,48	4,28
20,51	4,36
20,53	4,42
20,56	4,48
20,58	4,50
20,61	4,58
20,63	4,63
20,65	4,69
20,68	4,72
20,70	4,79
20,73	4,87
20,75	4,95
20,78	5,00
20,80	5,09
20,83	5,16
20,85	5,25
20,87	5,34
20,90	5,41
20,92	5,47
20,95	5,53
20,97	5,59
21,00	5,66
21,02	5,75
21,05	5,80
21,07	5,88
21,09	5,94
21,12	6,01
21,14	6,09
21,17	6,18
21,19	6,26
21,22	6,36
21,24	6,41
21,26	6,53
21,29	6,59
21,31	6,67
21,34	6,73
21,36	6,79
21,39	6,84
21,41	6,94
21,44	6,97
21,46	7,07
21,48	7,13
21,51	7,22
21,53	7,28
21,56	7,36
21,58	7,40
21,61	7,50
21,63	7,53
21,66	7,61
21,68	7,64
21,70	7,68
21,73	7,70
21,75	7,76
21,78	7,74
21,80	7,80
21,83	7,79
21,85	7,83
21,88	7,84
21,90	7,87
21,92	7,86
21,95	7,89
21,97	7,85
22,00	7,89
22,02	7,85
22,05	7,83
22,07	7,79
22,10	7,75
22,12	7,69
22,14	7,67
22,17	7,59
22,19	7,54
22,22	7,47
22,24	7,41
22,27	7,37
22,29	7,29
22,31	7,23
22,34	7,17
22,36	7,11
22,39	7,05
22,41	6,99
22,44	6,90
22,46	6,83
22,49	6,72
22,51	6,62
22,53	6,52
22,56	6,44
22,58	6,32
22,61	6,24
22,63	6,14
22,66	6,07
22,68	5,96
22,71	5,87
22,73	5,80
22,75	5,73
22,78	5,63
22,80	5,56
22,83	5,42
22,85	5,35
22,88	5,25
22,90	5,15
22,93	5,04
22,95	4,95
22,97	4,82
23,00	4,80
23,02	4,70
23,05	4,64
23,07	4,56
23,10	4,51
23,12	4,44
23,15	4,39
23,17	4,27
23,19	4,22
23,22	4,12
23,24	4,05
23,27	3,98
23,29	3,92
23,32	3,84
23,34	3,82
23,36	3,74
23,39	3,73
23,41	3,67
23,44	3,63
23,46	3,61
23,49	3,60
23,51	3,54
23,54	3,53
23,56	3,46
23,58	3,45
23,61	3,41
23,63	3,39
23,66	3,36
23,68	3,35
23,71	3,32
23,73	3,35
23,76	3,33
23,78	3,35
23,80	3,33
23,83	3,34
23,85	3,34
23,88	3,36
23,90	3,33
23,93	3,35
23,95	3,35
23,98	3,36
24,00	3,39
24,02	3,39
24,05	3,39
24,07	3,44
24,10	3,45
24,12	3,48
24,15	3,50
24,17	3,50
24,20	3,56
24,22	3,58
24,24	3,61
24,27	3,65
24,29	3,68
24,32	3,71
24,34	3,77
24,37	3,77
24,39	3,84
24,42	3,85
24,44	3,90
24,46	3,95
24,49	4,00
24,51	4,03
24,54	4,10
24,56	4,14
24,59	4,23
24,61	4,27
24,63	4,33
24,66	4,38
24,68	4,48
24,71	4,52
24,73	4,59
24,76	4,61
24,78	4,70
24,81	4,75
24,83	4,81
24,85	4,86
24,88	4,94
24,90	4,99
24,93	5,14
24,95	5,19
24,98	5,28
25,00	5,35
25,03	5,44
25,05	5,49
25,07	5,59
25,10	5,60
25,12	5,70
25,15	5,74
25,17	5,83
25,20	5,90
25,22	5,99
25,25	6,05
25,27	6,19
25,29	6,26
25,32	6,38
25,34	6,46
25,37	6,57
25,39	6,66
25,42	6,76
25,44	6,81
25,47	6,91
25,49	6,97
25,51	7,06
25,54	7,14
25,56	7,25
25,59	7,34
25,61	7,46
25,64	7,55
25,66	7,72
25,68	7,81
25,71	7,93
25,73	8,03
25,76	8,12
25,78	8,20
25,81	8,31
25,83	8,37
25,86	8,47
25,88	8,54
25,90	8,63
25,93	8,76
25,95	8,88
25,98	8,99
26,00	9,09
26,03	9,22
26,05	9,36
26,08	9,48
26,10	9,58
26,12	9,70
26,15	9,79
26,17	9,89
26,20	9,98
26,22	10,06
26,25	10,15
26,27	10,26
26,30	10,35
26,32	10,47
26,34	10,56
26,37	10,68
26,39	10,77
26,42	10,88
26,44	10,94
26,47	11,02
26,49	11,05
26,52	11,13
26,54	11,18
26,56	11,26
26,59	11,30
26,61	11,36
26,64	11,38
26,66	11,47
26,69	11,48
26,71	11,50
26,73	11,49
26,76	11,52
26,78	11,52
26,81	11,55
26,83	11,51
26,86	11,52
26,88	11,48
26,91	11,48
26,93	11,44
26,95	11,39
26,98	11,31
27,00	11,25
27,03	11,18
27,05	11,14
27,08	11,04
27,10	10,93
27,13	10,85
27,15	10,74
27,17	10,66
27,20	10,59
27,22	10,48
27,25	10,36
27,27	10,27
27,30	10,17
27,32	10,08
27,35	9,93
27,37	9,79
27,39	9,65
27,42	9,52
27,44	9,37
27,47	9,22
27,49	9,05
27,52	8,94
27,54	8,79
27,57	8,66
27,59	8,52
27,61	8,41
27,64	8,26
27,66	8,17
27,69	7,98
27,71	7,85
27,74	7,68
27,76	7,54
27,78	7,39
27,81	7,26
27,83	7,08
27,86	7,01
27,88	6,84
27,91	6,75
27,93	6,62
27,96	6,52
27,98	6,38
28,00	6,30
28,03	6,15
28,05	6,07
28,08	5,91
28,10	5,83
28,13	5,72
28,15	5,64
28,18	5,52
28,20	5,47
28,22	5,36
28,25	5,34
28,27	5,24
28,30	5,19
28,32	5,11
28,35	5,08
28,37	5,00
28,40	4,99
28,42	4,91
28,44	4,89
28,47	4,83
28,49	4,81
28,52	4,76
28,54	4,76
28,57	4,70
28,59	4,72
28,62	4,68
28,64	4,68
28,66	4,64
28,69	4,65
28,71	4,64
28,74	4,66
28,76	4,64
28,79	4,66
28,81	4,64
28,84	4,67
28,86	4,70
28,88	4,72
28,91	4,73
28,93	4,75
28,96	4,76
28,98	4,81
29,01	4,85
29,03	4,87
29,05	4,90
29,08	4,95
29,10	5,00
29,13	5,05
29,15	5,12
29,18	5,17
29,20	5,23
29,23	5,29
29,25	5,36
29,27	5,40
29,30	5,46
29,32	5,52
29,35	5,57
29,37	5,61
29,40	5,68
29,42	5,72
29,45	5,82
29,47	5,89
29,49	5,97
29,52	6,05
29,54	6,13
29,57	6,22
29,59	6,35
29,62	6,41
29,64	6,51
29,67	6,57
29,69	6,67
29,71	6,76
29,74	6,87
29,76	6,91
29,79	7,03
29,81	7,11
29,84	7,22
29,86	7,33
29,89	7,44
29,91	7,52
29,93	7,66
29,96	7,74
29,98	7,87
30,01	7,96
30,03	8,05
30,06	8,15
30,08	8,26
30,10	8,34
30,13	8,47
30,15	8,56
30,18	8,69
30,20	8,81
30,23	8,94
30,25	9,06
30,28	9,19
30,30	9,30
30,32	9,46
30,35	9,56
30,37	9,69
30,40	9,79
30,42	9,93
30,45	10,06
30,47	10,22
30,50	10,33
30,52	10,49
30,54	10,62
30,57	10,79
30,59	10,94
30,62	11,09
30,64	11,20
30,67	11,34
30,69	11,45
30,72	11,60
30,74	11,72
30,76	11,82
30,79	11,94
30,81	12,06
30,84	12,21
30,86	12,38
30,89	12,52
30,91	12,67
30,94	12,81
30,96	12,95
30,98	13,13
31,01	13,24
31,03	13,35
31,06	13,48
31,08	13,61
31,11	13,72
31,13	13,88
31,15	13,97
31,18	14,13
31,20	14,26
31,23	14,39
31,25	14,51
31,28	14,65
31,30	14,75
31,33	14,90
31,35	14,98
31,37	15,10
31,40	15,18
31,42	15,29
31,45	15,37
31,47	15,46
31,50	15,49
31,52	15,58
31,55	15,61
31,57	15,68
31,59	15,71
31,62	15,77
31,64	15,78
31,67	15,81
31,69	15,81
31,72	15,84
31,74	15,81
31,77	15,81
31,79	15,80
31,81	15,79
31,84	15,76
31,86	15,73
31,89	15,66
31,91	15,62
31,94	15,54
31,96	15,46
31,99	15,36
32,01	15,26
32,03	15,13
32,06	15,06
32,08	14,96
32,11	14,88
32,13	14,75
32,16	14,61
32,18	14,52
32,20	14,39
32,23	14,25
32,25	14,09
32,28	13,92
32,30	13,74
32,33	13,60
32,35	13,39
32,38	13,23
32,40	13,05
32,42	12,90
32,45	12,75
32,47	12,62
32,50	12,43
32,52	12,30
32,55	12,12
32,57	11,94
32,60	11,73
32,62	11,54
32,64	11,32
32,67	11,15
32,69	10,93
32,72	10,75
32,74	10,56
32,77	10,41
32,79	10,24
32,82	10,11
32,84	9,94
32,86	9,81
32,89	9,63
32,91	9,50
32,94	9,30
32,96	9,15
32,99	8,96
33,01	8,81
33,04	8,62
33,06	8,51
33,08	8,33
33,11	8,23
33,13	8,08
33,16	7,99
33,18	7,87
33,21	7,81
33,23	7,67
33,26	7,64
33,28	7,52
33,30	7,46
33,33	7,35
33,35	7,29
33,38	7,19
33,40	7,15
33,43	7,04
33,45	7,01
33,47	6,93
33,50	6,92
33,52	6,88
33,55	6,88
33,57	6,82
33,60	6,81
33,62	6,76
33,65	6,79
33,67	6,74
33,69	6,73
33,72	6,70
33,74	6,70
33,77	6,70
33,79	6,72
33,82	6,70
33,84	6,74
33,87	6,72
33,89	6,76
33,91	6,79
33,94	6,83
33,96	6,86
33,99	6,92
34,01	6,96
34,04	7,01
34,06	7,05
34,09	7,11
34,11	7,17
34,13	7,21
34,16	7,24
34,18	7,29
34,21	7,36
34,23	7,44
34,26	7,52
34,28	7,57
34,31	7,66
34,33	7,74
34,35	7,84
34,38	7,93
34,40	8,02
34,43	8,08
34,45	8,20
34,48	8,28
34,50	8,39
34,52	8,45
34,55	8,56
34,57	8,64
34,60	8,74
34,62	8,82
34,65	8,95
34,67	9,05
34,70	9,19
34,72	9,32
34,74	9,46
34,77	9,59
34,79	9,75
34,82	9,85
34,84	9,98
34,87	10,08
34,89	10,19
34,92	10,30
34,94	10,42
34,96	10,52
34,99	10,67
35,01	10,80
35,04	10,97
35,06	11,09
35,09	11,25
35,11	11,42
35,14	11,59
35,16	11,73
35,18	11,88
35,21	11,98
35,23	12,13
35,26	12,24
35,28	12,37
35,31	12,49
35,33	12,62
35,36	12,77
35,38	12,97
35,40	13,12
35,43	13,31
35,45	13,48
35,48	13,67
35,50	13,83
35,53	14,02
35,55	14,13
35,57	14,29
35,60	14,42
35,62	14,57
35,65	14,71
35,67	14,85
35,70	14,98
35,72	15,16
35,75	15,33
35,77	15,51
35,79	15,68
35,82	15,85
35,84	16,04
35,87	16,22
35,89	16,39
35,92	16,55
35,94	16,69
35,97	16,82
35,99	16,99
36,01	17,11
36,04	17,28
36,06	17,42
36,09	17,59
36,11	17,76
36,14	17,93
36,16	18,07
36,19	18,26
36,21	18,40
36,23	18,53
36,26	18,63
36,28	18,76
36,31	18,86
36,33	18,97
36,36	19,03
36,38	19,14
36,41	19,21
36,43	19,32
36,45	19,39
36,48	19,49
36,50	19,53
36,53	19,62
36,55	19,66
36,58	19,77
36,60	19,80
36,62	19,84
36,65	19,84
36,67	19,88
36,70	19,86
36,72	19,88
36,75	19,82
36,77	19,81
36,80	19,77
36,82	19,76
36,84	19,72
36,87	19,69
36,89	19,61
36,92	19,57
36,94	19,50
36,97	19,44
36,99	19,37
37,02	19,29
37,04	19,19
37,06	19,09
37,09	18,98
37,11	18,88
37,14	18,74
37,16	18,60
37,19	18,47
37,21	18,32
37,24	18,18
37,26	18,03
37,28	17,88
37,31	17,77
37,33	17,61
37,36	17,44
37,38	17,28
37,41	17,10
37,43	16,94
37,46	16,73
37,48	16,52
37,50	16,31
37,53	16,10
37,55	15,88
37,58	15,70
37,60	15,47
37,63	15,30
37,65	15,12
37,68	14,94
37,70	14,75
37,72	14,59
37,75	14,39
37,77	14,24
37,80	14,00
37,82	13,81
37,85	13,60
37,87	13,42
37,89	13,21
37,92	13,05
37,94	12,84
37,97	12,71
37,99	12,52
38,02	12,41
38,04	12,26
38,07	12,13
38,09	11,95
38,11	11,82
38,14	11,62
38,16	11,48
38,19	11,29
38,21	11,16
38,24	11,00
38,26	10,89
38,29	10,74
38,31	10,68
38,33	10,56
38,36	10,49
38,38	10,37
38,41	10,31
38,43	10,21
38,46	10,17
38,48	10,08
38,51	10,04
38,53	9,96
38,55	9,94
38,58	9,90
38,60	9,87
38,63	9,81
38,65	9,80
38,68	9,78
38,70	9,78
38,73	9,76
38,75	9,74
38,77	9,74
38,80	9,76
38,82	9,75
38,85	9,76
38,87	9,74
38,90	9,74
38,92	9,75
38,94	9,78
38,97	9,80
38,99	9,84
39,02	9,88
39,04	9,94
39,07	9,97
39,09	10,01
39,12	10,06
39,14	10,11
39,16	10,17
39,19	10,22
39,21	10,29
39,24	10,37
39,26	10,47
39,29	10,55
39,31	10,65
39,34	10,71
39,36	10,81
39,38	10,89
39,41	10,98
39,43	11,06
39,46	11,16
39,48	11,24
39,51	11,39
39,53	11,47
39,56	11,61
39,58	11,73
39,60	11,85
39,63	11,97
39,65	12,11
39,68	12,21
39,70	12,37
39,73	12,44
39,75	12,56
39,78	12,69
39,80	12,83
39,82	12,94
39,85	13,09
39,87	13,20
39,90	13,38
39,92	13,53
39,95	13,68
39,97	13,82
39,99	13,99
40,02	14,15
40,04	14,35
40,07	14,47
40,09	14,63
40,12	14,76
40,14	14,91
40,17	15,06
40,19	15,22
40,21	15,33
40,24	15,54
40,26	15,70
40,29	15,92
40,31	16,09
40,34	16,29
40,36	16,47
40,39	16,68
40,41	16,85
40,43	17,04
40,46	17,15
40,48	17,33
40,51	17,49
40,53	17,67
40,56	17,84
40,58	18,04
40,61	18,22
40,63	18,46
40,65	18,65
40,68	18,88
40,70	19,09
40,73	19,32
40,75	19,51
40,78	19,71
40,80	19,87
40,83	20,06
40,85	20,24
40,87	20,40
40,90	20,55
40,92	20,71
40,95	20,90
40,97	21,12
41,00	21,32
41,02	21,49
41,05	21,69
41,07	21,87
41,09	22,07
41,12	22,21
41,14	22,36
41,17	22,49
41,19	22,63
41,22	22,75
41,24	22,92
41,26	23,04
41,29	23,19
41,31	23,31
41,34	23,47
41,36	23,61
41,39	23,75
41,41	23,84
41,44	23,97
41,46	24,07
41,48	24,16
41,51	24,26
41,53	24,33
41,56	24,38
41,58	24,48
41,61	24,52
41,63	24,60
41,66	24,65
41,68	24,70
41,70	24,75
41,73	24,79
41,75	24,79
41,78	24,83
41,80	24,81
41,83	24,82
41,85	24,81
41,88	24,80
41,90	24,77
41,92	24,76
41,95	24,69
41,97	24,67
42,00	24,60
42,02	24,53
42,05	24,46
42,07	24,40
42,10	24,32
42,12	24,24
42,14	24,11
42,17	24,04
42,19	23,96
42,22	23,86
42,24	23,77
42,27	23,64
42,29	23,55
42,31	23,44
42,34	23,32
42,36	23,18
42,39	23,04
42,41	22,88
42,44	22,74
42,46	22,56
42,49	22,40
42,51	22,22
42,53	22,08
42,56	21,91
42,58	21,75
42,61	21,57
42,63	21,43
42,66	21,23
42,68	21,06
42,71	20,87
42,73	20,70
42,75	20,50
42,78	20,35
42,80	20,15
42,83	20,03
42,85	19,83
42,88	19,68
42,90	19,50
42,93	19,34
42,95	19,17
42,97	19,06
43,00	18,87
43,02	18,74
43,05	18,55
43,07	18,41
43,10	18,23
43,12	18,08
43,15	17,86
43,17	17,74
43,19	17,54
43,22	17,44
43,24	17,28
43,27	17,17
43,29	17,02
43,32	16,95
43,34	16,82
43,36	16,75
43,39	16,58
43,41	16,51
43,44	16,40
43,46	16,32
43,49	16,21
43,51	16,14
43,54	16,03
43,56	15,99
43,58	15,89
43,61	15,84
43,63	15,80
43,66	15,75
43,68	15,68
43,71	15,70
43,73	15,67
43,76	15,65
43,78	15,61
43,80	15,57
43,83	15,55
43,85	15,54
43,88	15,50
43,90	15,50
43,93	15,49
43,95	15,49
43,98	15,50
44,00	15,51
44,02	15,54
44,05	15,57
44,07	15,58
44,10	15,62
44,12	15,65
44,15	15,68
44,17	15,75
44,20	15,79
44,22	15,85
44,24	15,91
44,27	15,96
44,29	16,03
44,32	16,13
44,34	16,18
44,37	16,27
44,39	16,34
44,41	16,44
44,44	16,56
44,46	16,68
44,49	16,78
44,51	16,91
44,54	17,02
44,56	17,17
44,59	17,30
44,61	17,41
44,63	17,51
44,66	17,63
44,68	17,75
44,71	17,90
44,73	18,02
44,76	18,15
44,78	18,30
44,81	18,48
44,83	18,65
44,85	18,83
44,88	19,00
44,90	19,21
44,93	19,42
44,95	19,60
44,98	19,78
45,00	19,95
45,03	20,11
45,05	20,30
45,07	20,46
45,10	20,66
45,12	20,87
45,15	21,08
45,17	21,33
45,20	21,58
45,22	21,82
45,25	22,06
45,27	22,29
45,29	22,54
45,32	22,78
45,34	23,02
45,37	23,24
45,39	23,48
45,42	23,69
45,44	23,96
45,47	24,21
45,49	24,53
45,51	24,79
45,54	25,13
45,56	25,43
45,59	25,81
45,61	29,40
45,64	32,97
45,66	36,45
45,68	39,93
45,71	43,33
45,73	46,70
45,76	50,00
45,78	50,00
45,81	50,00
45,83	50,00
45,86	50,00
45,88	50,00
45,90	50,00
45,93	50,00
45,95	50,00
45,98	50,00
46,00	50,00
46,03	50,00
46,05	50,00
46,08	50,00
46,10	50,00
46,12	50,00
46,15	50,00
46,17	50,00
46,20	50,00
46,22	50,00
46,25	50,00
46,27	50,00
46,30	50,00
46,32	50,00
46,34	50,00
46,37	50,00
46,39	50,00
46,42	50,00
46,44	50,00
46,47	50,00
46,49	50,00
46,52	50,00
46,54	50,00
46,56	50,00
46,59	50,00
46,61	50,00
46,64	50,00
46,66	50,00
46,69	50,00
46,71	50,00
46,73	50,00
46,76	50,00
46,78	50,00
46,81	50,00
46,83	50,00
46,86	50,00
46,88	50,00
46,91	50,00
46,93	50,00
46,95	50,00
46,98	50,00
47,00	50,00
47,03	50,00
47,05	50,00
47,08	50,00
47,10	50,00
47,13	50,00
47,15	50,00
47,17	50,00
47,20	50,00
47,22	50,00
47,25	50,00
47,27	50,00
47,30	50,00
47,32	50,00
47,35	50,00
47,37	50,00
47,39	50,00
47,42	50,00
47,44	50,00
47,47	50,00
47,49	50,00
47,52	50,00
47,54	50,00
47,57	50,00
47,59	50,00
47,61	50,00
47,64	50,00
47,66	50,00
47,69	50,00
47,71	50,00
47,74	50,00
47,76	50,00
47,78	50,00
47,81	50,00
47,83	50,00
47,86	50,00
47,88	50,00
47,91	50,00
47,93	50,00
47,96	50,00
47,98	50,00
48,00	50,00
48,03	50,00
48,05	50,00
48,08	50,00
48,10	50,00
48,13	50,00
48,15	50,00
48,18	50,00
48,20	50,00
48,22	50,00
48,25	50,00
48,27	50,00
48,30	50,00
48,32	50,00
48,35	50,00
48,37	50,00
48,40	50,00
48,42	50,00
48,44	50,00
48,47	50,00
48,49	50,00
48,52	50,00
48,54	50,00
48,57	50,00
48,59	50,00
48,62	50,00
48,64	50,00
48,66	50,00
48,69	50,00
48,71	50,00
48,74	50,00
48,76	50,00
48,79	50,00
48,81	50,00
48,84	50,00
48,86	50,00
48,88	50,00
48,91	50,00
48,93	50,00
48,96	50,00
48,98	50,00
49,01	50,00
49,03	50,00
49,05	50,00
49,08	50,00
49,10	50,00
49,13	50,00
49,15	50,00
49,18	50,00
49,20	50,00
49,23	50,00
49,25	50,00
49,27	50,00
49,30	50,00
49,32	50,00
49,35	50,00
49,37	50,00
49,40	50,00
49,42	50,00
49,45	50,00
49,47	50,00
49,49	50,00
49,52	50,00
49,54	50,00
49,57	50,00
49,59	50,00
49,62	50,00
49,64	50,00
49,67	50,00
49,69	50,00
49,71	50,00
49,74	50,00
49,76	50,00
49,79	50,00
49,81	50,00
49,84	50,00
49,86	50,00
49,89	50,00
49,91	50,00
49,93	50,00
49,96	50,00
49,98	50,00
50,01	50,00
50,03	50,00
50,06	50,00
50,08	50,00
50,10	50,00
50,13	50,00
50,15	50,00
50,18	50,00
50,20	50,00
50,23	50,00
50,25	50,00
50,28	50,00
50,30	50,00
50,32	50,00
50,35	50,00
50,37	50,00
50,40	50,00
50,42	50,00
50,45	50,00
50,47	50,00
50,50	50,00
50,52	50,00
50,54	50,00
50,57	50,00
50,59	50,00
50,62	50,00
50,64	50,00
50,67	50,00
50,69	50,00
50,72	50,00
50,74	50,00
50,76	50,00
50,79	50,00
50,81	50,00
50,84	50,00
50,86	50,00
50,89	50,00
50,91	50,00
50,94	50,00
50,96	50,00
50,98	50,00
51,01	50,00
51,03	50,00
51,06	50,00
51,08	50,00
51,11	50,00
51,13	50,00
51,15	50,00
51,18	50,00
51,20	50,00
51,23	50,00
51,25	50,00
51,28	50,00
51,30	50,00
51,33	50,00
51,35	50,00
51,37	50,00
51,40	50,00
51,42	50,00
51,45	50,00
51,47	50,00
51,50	50,00
51,52	50,00
51,55	50,00
51,57	50,00
51,59	50,00
51,62	50,00
51,64	50,00
51,67	50,00
51,69	50,00
51,72	50,00
51,74	50,00
51,77	50,00
51,79	50,00
51,81	50,00
51,84	50,00
51,86	50,00
51,89	50,00
51,91	50,00
51,94	50,00
51,96	50,00
51,99	50,00
52,01	50,00
52,03	50,00
52,06	50,00
52,08	50,00
52,11	50,00
52,13	50,00
52,16	50,00
52,18	50,00
52,20	50,00
52,23	50,00
52,25	50,00
52,28	50,00
52,30	50,00
52,33	50,00
52,35	50,00
52,38	50,00
52,40	50,00
52,42	50,00
52,45	50,00
52,47	50,00
52,50	50,00
52,52	50,00
52,55	50,00
52,57	50,00
52,60	50,00
52,62	50,00
52,64	50,00
52,67	50,00
52,69	50,00
52,72	50,00
52,74	50,00
52,77	50,00
52,79	50,00
52,82	50,00
52,84	50,00
52,86	50,00
52,89	50,00
52,91	50,00
52,94	50,00
52,96	50,00
52,99	50,00
53,01	50,00
53,04	50,00
53,06	50,00
53,08	50,00
53,11	50,00
53,13	50,00
53,16	50,00
53,18	50,00
53,21	50,00
53,23	50,00
53,26	50,00
53,28	50,00
53,30	50,00
53,33	50,00
53,35	50,00
53,38	50,00
53,40	50,00
53,43	50,00
53,45	50,00
53,47	50,00
53,50	50,00
53,52	50,00
53,55	50,00
53,57	50,00
53,60	50,00
53,62	50,00
53,65	50,00
53,67	50,00
53,69	50,00
53,72	50,00
53,74	50,00
53,77	50,00
53,79	50,00
53,82	50,00
53,84	50,00
53,87	50,00
53,89	50,00
53,91	50,00
53,94	50,00
53,96	50,00
53,99	50,00
54,01	50,00
54,04	50,00
54,06	50,00
54,09	50,00
54,11	50,00
54,13	50,00
54,16	50,00
54,18	50,00
54,21	50,00
54,23	50,00
54,26	50,00
54,28	50,00
54,31	50,00
54,33	50,00
54,35	50,00
54,38	50,00
54,40	50,00
54,43	50,00
54,45	50,00
54,48	50,00
54,50	50,00
54,52	50,00
54,55	50,00
54,57	50,00
54,60	50,00
54,62	50,00
54,65	50,00
54,67	50,00
54,70	50,00
54,72	50,00
54,74	50,00
54,77	50,00
54,79	50,00
54,82	50,00
54,84	50,00
54,87	50,00
54,89	50,00
54,92	50,00
54,94	50,00
54,96	50,00
54,99	50,00
55,01	50,00
55,04	50,00
55,06	50,00
55,09	50,00
55,11	50,00
55,14	50,00
55,16	50,00
55,18	50,00
55,21	50,00
55,23	50,00
55,26	50,00
55,28	50,00
55,31	50,00
55,33	50,00
55,36	50,00
55,38	50,00
55,40	50,00
55,43	50,00
55,45	50,00
55,48	50,00
55,50	50,00
55,53	50,00
55,55	50,00
55,57	50,00
55,60	50,00
55,62	50,00
55,65	50,00
55,67	50,00
55,70	50,00
55,72	50,00
55,75	50,00
55,77	50,00
55,79	50,00
55,82	50,00
55,84	50,00
55,87	50,00
55,89	50,00
55,92	50,00
55,94	50,00
55,97	50,00
55,99	50,00
56,01	50,00
56,04	50,00
56,06	50,00
56,09	50,00
56,11	50,00
56,14	50,00
56,16	50,00
56,19	50,00
56,21	50,00
56,23	50,00
56,26	50,00
56,28	50,00
56,31	50,00
56,33	50,00
56,36	50,00
56,38	50,00
56,41	50,00
56,43	50,00
56,45	50,00
56,48	50,00
56,50	50,00
56,53	50,00
56,55	50,00
56,58	50,00
56,60	50,00
56,62	50,00
56,65	50,00
56,67	50,00
56,70	50,00
56,72	50,00
56,75	50,00
56,77	50,00
56,80	50,00
56,82	50,00
56,84	50,00
56,87	50,00
56,89	50,00
56,92	50,00
56,94	50,00
56,97	50,00
56,99	50,00
57,02	50,00
57,04	50,00
57,06	50,00
57,09	50,00
57,11	50,00
57,14	50,00
57,16	50,00
57,19	50,00
57,21	50,00
57,24	50,00
57,26	50,00
57,28	50,00
57,31	50,00
57,33	50,00
57,36	50,00
57,38	50,00
57,41	50,00
57,43	50,00
57,46	50,00
57,48	50,00
57,50	50,00
57,53	50,00
57,55	50,00
57,58	50,00
57,60	50,00
57,63	50,00
57,65	50,00
57,68	50,00
57,70	50,00
57,72	50,00
57,75	50,00
57,77	50,00
57,80	50,00
57,82	50,00
57,85	50,00
57,87	50,00
57,89	50,00
57,92	50,00
57,94	50,00
57,97	50,00
57,99	50,00
58,02	50,00
58,04	50,00
58,07	50,00
58,09	50,00
58,11	50,00
58,14	50,00
58,16	50,00
58,19	50,00
58,21	50,00
58,24	50,00
58,26	50,00
58,29	50,00
58,31	50,00
58,33	50,00
58,36	50,00
58,38	50,00
58,41	50,00
58,43	50,00
58,46	50,00
58,48	50,00
58,51	50,00
58,53	50,00
58,55	50,00
58,58	50,00
58,60	50,00
58,63	50,00
58,65	50,00
58,68	50,00
58,70	50,00
58,73	50,00
58,75	50,00
58,77	50,00
58,80	50,00
58,82	50,00
58,85	50,00
58,87	50,00
58,90	50,00
58,92	50,00
58,94	50,00
58,97	50,00
58,99	50,00
59,02	50,00
59,04	50,00
59,07	50,00
59,09	50,00
59,12	50,00
59,14	50,00
59,16	50,00
59,19	50,00
59,21	50,00
59,24	50,00
59,26	50,00
59,29	50,00
59,31	50,00
59,34	50,00
59,36	50,00
59,38	50,00
59,41	50,00
59,43	50,00
59,46	50,00
59,48	50,00
59,51	50,00
59,53	50,00
59,56	50,00
59,58	50,00
59,60	50,00
59,63	50,00
59,65	50,00
59,68	50,00
59,70	50,00
59,73	50,00
59,75	50,00
59,78	50,00
59,80	50,00
59,82	50,00
59,85	50,00
59,87	50,00
59,90	50,00
59,92	50,00
59,95	50,00
59,97	50,00
59,99	50,00
