Voltage U1	Corriente IA
U1/V	IA/nA

0,02	0,43
0,04	0,43
0,07	0,43
0,09	0,43
0,12	0,44
0,14	0,47
0,17	0,46
0,19	0,47
0,21	0,48
0,24	0,47
0,26	0,48
0,29	0,45
0,31	0,44
0,34	0,44
0,36	0,43
0,39	0,40
0,41	0,43
0,43	0,41
0,46	0,44
0,48	0,42
0,51	0,44
0,53	0,45
0,56	0,48
0,58	0,45
0,61	0,46
0,63	0,42
0,65	0,43
0,68	0,41
0,70	0,41
0,73	0,40
0,75	0,42
0,78	0,40
0,80	0,44
0,83	0,42
0,85	0,44
0,87	0,44
0,90	0,45
0,92	0,43
0,95	0,44
0,97	0,42
1,00	0,44
1,02	0,42
1,05	0,42
1,07	0,41
1,09	0,42
1,12	0,41
1,14	0,44
1,17	0,44
1,19	0,45
1,22	0,45
1,24	0,45
1,26	0,47
1,29	0,46
1,31	0,44
1,34	0,45
1,36	0,43
1,39	0,42
1,41	0,41
1,44	0,39
1,46	0,40
1,48	0,40
1,51	0,38
1,53	0,39
1,56	0,38
1,58	0,39
1,61	0,42
1,63	0,42
1,66	0,43
1,68	0,43
1,70	0,42
1,73	0,42
1,75	0,43
1,78	0,40
1,80	0,41
1,83	0,40
1,85	0,40
1,88	0,41
1,90	0,42
1,92	0,44
1,95	0,45
1,97	0,44
2,00	0,48
2,02	0,48
2,05	0,49
2,07	0,49
2,10	0,45
2,12	0,44
2,14	0,45
2,17	0,41
2,19	0,43
2,22	0,41
2,24	0,41
2,27	0,42
2,29	0,43
2,31	0,41
2,34	0,46
2,36	0,45
2,39	0,47
2,41	0,46
2,44	0,47
2,46	0,46
2,49	0,47
2,51	0,43
2,53	0,45
2,56	0,42
2,58	0,43
2,61	0,43
2,63	0,45
2,66	0,44
2,68	0,45
2,71	0,43
2,73	0,48
2,75	0,45
2,78	0,46
2,80	0,44
2,83	0,43
2,85	0,41
2,88	0,43
2,90	0,39
2,93	0,41
2,95	0,39
2,97	0,40
3,00	0,42
3,02	0,43
3,05	0,42
3,07	0,46
3,10	0,44
3,12	0,46
3,15	0,47
3,17	0,48
3,19	0,48
3,22	0,48
3,24	0,45
3,27	0,47
3,29	0,45
3,32	0,45
3,34	0,44
3,36	0,44
3,39	0,44
3,41	0,44
3,44	0,43
3,46	0,47
3,49	0,47
3,51	0,46
3,54	0,45
3,56	0,43
3,58	0,43
3,61	0,42
3,63	0,40
3,66	0,39
3,68	0,40
3,71	0,39
3,73	0,43
3,76	0,42
3,78	0,43
3,80	0,44
3,83	0,44
3,85	0,43
3,88	0,45
3,90	0,42
3,93	0,43
3,95	0,42
3,98	0,42
4,00	0,42
4,02	0,43
4,05	0,42
4,07	0,44
4,10	0,43
4,12	0,46
4,15	0,45
4,17	0,45
4,20	0,46
4,22	0,47
4,24	0,45
4,27	0,47
4,29	0,42
4,32	0,43
4,34	0,42
4,37	0,42
4,39	0,41
4,42	0,41
4,44	0,39
4,46	0,43
4,49	0,42
4,51	0,44
4,54	0,44
4,56	0,46
4,59	0,47
4,61	0,50
4,63	0,48
4,66	0,48
4,68	0,48
4,71	0,48
4,73	0,48
4,76	0,46
4,78	0,45
4,81	0,46
4,83	0,47
4,85	0,46
4,88	0,48
4,90	0,47
4,93	0,51
4,95	0,53
4,98	0,53
5,00	0,53
5,03	0,52
5,05	0,49
5,07	0,50
5,10	0,48
5,12	0,47
5,15	0,46
5,17	0,47
5,20	0,48
5,22	0,49
5,25	0,47
5,27	0,49
5,29	0,49
5,32	0,51
5,34	0,50
5,37	0,51
5,39	0,50
5,42	0,53
5,44	0,51
5,47	0,53
5,49	0,48
5,51	0,50
5,54	0,49
5,56	0,50
5,59	0,50
5,61	0,51
5,64	0,49
5,66	0,56
5,68	0,54
5,71	0,56
5,73	0,54
5,76	0,54
5,78	0,52
5,81	0,53
5,83	0,50
5,86	0,52
5,88	0,49
5,90	0,51
5,93	0,53
5,95	0,55
5,98	0,54
6,00	0,56
6,03	0,54
6,05	0,58
6,08	0,59
6,10	0,59
6,12	0,59
6,15	0,60
6,17	0,58
6,20	0,61
6,22	0,57
6,25	0,57
6,27	0,58
6,30	0,57
6,32	0,57
6,34	0,59
6,37	0,59
6,39	0,64
6,42	0,64
6,44	0,63
6,47	0,64
6,49	0,66
6,52	0,65
6,54	0,65
6,56	0,64
6,59	0,64
6,61	0,63
6,64	0,64
6,66	0,63
6,69	0,65
6,71	0,65
6,73	0,67
6,76	0,67
6,78	0,68
6,81	0,71
6,83	0,69
6,86	0,69
6,88	0,69
6,91	0,70
6,93	0,71
6,95	0,72
6,98	0,71
7,00	0,75
7,03	0,74
7,05	0,76
7,08	0,74
7,10	0,76
7,13	0,77
7,15	0,79
7,17	0,76
7,20	0,79
7,22	0,78
7,25	0,81
7,27	0,79
7,30	0,80
7,32	0,79
7,35	0,80
7,37	0,79
7,39	0,82
7,42	0,80
7,44	0,83
7,47	0,82
7,49	0,84
7,52	0,85
7,54	0,87
7,57	0,85
7,59	0,88
7,61	0,85
7,64	0,87
7,66	0,88
7,69	0,88
7,71	0,86
7,74	0,88
7,76	0,87
7,78	0,90
7,81	0,91
7,83	0,92
7,86	0,93
7,88	0,95
7,91	0,94
7,93	0,96
7,96	0,95
7,98	0,94
8,00	0,93
8,03	0,94
8,05	0,95
8,08	0,94
8,10	0,93
8,13	0,95
8,15	0,95
8,18	0,95
8,20	0,98
8,22	0,98
8,25	1,02
8,27	1,02
8,30	1,01
8,32	1,01
8,35	1,02
8,37	1,00
8,40	1,02
8,42	0,98
8,44	0,98
8,47	0,97
8,49	0,99
8,52	0,99
8,54	1,00
8,57	0,97
8,59	1,00
8,62	0,99
8,64	1,01
8,66	1,00
8,69	1,00
8,71	0,99
8,74	1,02
8,76	1,01
8,79	1,04
8,81	1,00
8,84	1,02
8,86	1,01
8,88	1,02
8,91	1,00
8,93	1,02
8,96	0,99
8,98	1,02
9,01	1,01
9,03	1,02
9,05	1,02
9,08	1,03
9,10	1,01
9,13	1,05
9,15	1,03
9,18	1,05
9,20	1,03
9,23	1,04
9,25	1,03
9,27	1,05
9,30	1,03
9,32	1,06
9,35	1,06
9,37	1,07
9,40	1,07
9,42	1,07
9,45	1,06
9,47	1,07
9,49	1,06
9,52	1,06
9,54	1,04
9,57	1,03
9,59	1,04
9,62	1,04
9,64	1,04
9,67	1,05
9,69	1,03
9,71	1,05
9,74	1,06
9,76	1,05
9,79	1,06
9,81	1,02
9,84	1,02
9,86	1,05
9,89	1,07
9,91	1,07
9,93	1,09
9,96	1,09
9,98	1,14
10,01	1,14
10,03	1,14
10,06	1,12
10,08	1,11
10,10	1,09
10,13	1,10
10,15	1,08
10,18	1,10
10,20	1,09
10,23	1,12
10,25	1,11
10,28	1,12
10,30	1,11
10,32	1,16
10,35	1,15
10,37	1,17
10,40	1,16
10,42	1,18
10,45	1,20
10,47	1,22
10,50	1,18
10,52	1,21
10,54	1,19
10,57	1,23
10,59	1,24
10,62	1,27
10,64	1,26
10,67	1,31
10,69	1,30
10,72	1,35
10,74	1,32
10,76	1,32
10,79	1,31
10,81	1,33
10,84	1,30
10,86	1,34
10,89	1,31
10,91	1,35
10,94	1,34
10,96	1,37
10,98	1,38
11,01	1,40
11,03	1,40
11,06	1,45
11,08	1,44
11,11	1,48
11,13	1,48
11,15	1,51
11,18	1,53
11,20	1,55
11,23	1,53
11,25	1,57
11,28	1,57
11,30	1,60
11,33	1,63
11,35	1,65
11,37	1,67
11,40	1,70
11,42	1,73
11,45	1,77
11,47	1,78
11,50	1,76
11,52	1,78
11,55	1,78
11,57	1,80
11,59	1,81
11,62	1,81
11,64	1,82
11,67	1,86
11,69	1,87
11,72	1,91
11,74	1,93
11,77	1,97
11,79	2,00
11,81	2,03
11,84	2,02
11,86	2,06
11,89	2,06
11,91	2,08
11,94	2,06
11,96	2,08
11,99	2,09
12,01	2,12
12,03	2,12
12,06	2,18
12,08	2,17
12,11	2,22
12,13	2,21
12,16	2,24
12,18	2,24
12,21	2,26
12,23	2,22
12,25	2,25
12,28	2,22
12,30	2,24
12,33	2,23
12,35	2,25
12,38	2,24
12,40	2,27
12,42	2,26
12,45	2,30
12,47	2,29
12,50	2,31
12,52	2,32
12,55	2,34
12,57	2,32
12,60	2,34
12,62	2,31
12,64	2,33
12,67	2,33
12,69	2,32
12,72	2,30
12,74	2,31
12,77	2,29
12,79	2,31
12,82	2,30
12,84	2,29
12,86	2,28
12,89	2,28
12,91	2,28
12,94	2,28
12,96	2,26
12,99	2,27
13,01	2,24
13,04	2,23
13,06	2,23
13,08	2,21
13,11	2,22
13,13	2,19
13,16	2,18
13,18	2,18
13,21	2,16
13,23	2,14
13,26	2,17
13,28	2,15
13,30	2,16
13,33	2,14
13,35	2,13
13,38	2,12
13,40	2,13
13,43	2,08
13,45	2,07
13,47	2,03
13,50	2,04
13,52	2,06
13,55	2,07
13,57	2,04
13,60	2,05
13,62	2,03
13,65	2,06
13,67	2,02
13,69	2,01
13,72	1,97
13,74	1,96
13,77	1,93
13,79	1,93
13,82	1,89
13,84	1,91
13,87	1,87
13,89	1,89
13,91	1,90
13,94	1,91
13,96	1,88
13,99	1,90
14,01	1,88
14,04	1,90
14,06	1,88
14,09	1,88
14,11	1,87
14,13	1,89
14,16	1,85
14,18	1,86
14,21	1,85
14,23	1,86
14,26	1,88
14,28	1,89
14,31	1,86
14,33	1,87
14,35	1,87
14,38	1,90
14,40	1,90
14,43	1,87
14,45	1,87
14,48	1,87
14,50	1,87
14,52	1,87
14,55	1,86
14,57	1,86
14,60	1,86
14,62	1,84
14,65	1,87
14,67	1,89
14,70	1,89
14,72	1,90
14,74	1,93
14,77	1,94
14,79	1,98
14,82	1,98
14,84	1,99
14,87	2,01
14,89	2,01
14,92	2,01
14,94	2,03
14,96	2,05
14,99	2,10
15,01	2,10
15,04	2,13
15,06	2,14
15,09	2,17
15,11	2,20
15,14	2,21
15,16	2,18
15,18	2,22
15,21	2,20
15,23	2,25
15,26	2,25
15,28	2,28
15,31	2,29
15,33	2,33
15,36	2,34
15,38	2,40
15,40	2,40
15,43	2,46
15,45	2,48
15,48	2,54
15,50	2,55
15,53	2,60
15,55	2,60
15,57	2,66
15,60	2,67
15,62	2,70
15,65	2,71
15,67	2,75
15,70	2,75
15,72	2,82
15,75	2,84
15,77	2,90
15,79	2,91
15,82	2,96
15,84	3,01
15,87	3,08
15,89	3,09
15,92	3,15
15,94	3,16
15,97	3,22
15,99	3,24
16,01	3,28
16,04	3,31
16,06	3,35
16,09	3,38
16,11	3,45
16,14	3,47
16,16	3,53
16,19	3,59
16,21	3,65
16,23	3,69
16,26	3,73
16,28	3,76
16,31	3,81
16,33	3,88
16,36	3,90
16,38	3,94
16,41	3,99
16,43	4,04
16,45	4,10
16,48	4,16
16,50	4,20
16,53	4,27
16,55	4,30
16,58	4,40
16,60	4,45
16,63	4,50
16,65	4,54
16,67	4,57
16,70	4,59
16,72	4,64
16,75	4,63
16,77	4,68
16,80	4,69
16,82	4,74
16,84	4,78
16,87	4,84
16,89	4,86
16,92	4,94
16,94	4,95
16,97	5,01
16,99	5,01
17,02	5,04
17,04	5,04
17,06	5,07
17,09	5,04
17,11	5,08
17,14	5,05
17,16	5,08
17,19	5,07
17,21	5,09
17,24	5,06
17,26	5,06
17,28	5,01
17,31	5,06
17,33	5,01
17,36	5,01
17,38	4,98
17,41	4,95
17,43	4,93
17,46	4,94
17,48	4,88
17,50	4,87
17,53	4,81
17,55	4,78
17,58	4,77
17,60	4,73
17,63	4,68
17,65	4,65
17,68	4,59
17,70	4,56
17,72	4,53
17,75	4,50
17,77	4,45
17,80	4,40
17,82	4,36
17,85	4,32
17,87	4,27
17,89	4,22
17,92	4,16
17,94	4,11
17,97	4,08
17,99	4,02
18,02	3,98
18,04	3,96
18,07	3,91
18,09	3,85
18,11	3,81
18,14	3,72
18,16	3,70
18,19	3,66
18,21	3,61
18,24	3,55
18,26	3,51
18,29	3,44
18,31	3,45
18,33	3,38
18,36	3,35
18,38	3,29
18,41	3,27
18,43	3,23
18,46	3,22
18,48	3,16
18,51	3,16
18,53	3,11
18,55	3,11
18,58	3,07
18,60	3,05
18,63	3,01
18,65	3,00
18,68	2,95
18,70	2,96
18,73	2,91
18,75	2,90
18,77	2,89
18,80	2,89
18,82	2,86
18,85	2,87
18,87	2,81
18,90	2,81
18,92	2,77
18,94	2,76
18,97	2,73
18,99	2,72
19,02	2,70
19,04	2,73
19,07	2,71
19,09	2,72
19,12	2,71
19,14	2,73
19,16	2,73
19,19	2,74
19,21	2,71
19,24	2,73
19,26	2,74
19,29	2,76
19,31	2,77
19,34	2,77
19,36	2,79
19,38	2,83
19,41	2,83
19,43	2,88
19,46	2,90
19,48	2,91
19,51	2,97
19,53	2,99
19,56	3,03
19,58	3,05
19,60	3,06
19,63	3,07
19,65	3,10
19,68	3,09
19,70	3,12
19,73	3,13
19,75	3,17
19,78	3,20
19,80	3,24
19,82	3,25
19,85	3,31
19,87	3,33
19,90	3,40
19,92	3,42
19,95	3,47
19,97	3,50
19,99	3,57
20,02	3,61
20,04	3,68
20,07	3,69
20,09	3,77
20,12	3,81
20,14	3,89
20,17	3,93
20,19	3,99
20,21	4,01
20,24	4,12
20,26	4,14
20,29	4,21
20,31	4,24
20,34	4,31
20,36	4,35
20,39	4,44
20,41	4,46
20,43	4,55
20,46	4,58
20,48	4,67
20,51	4,73
20,53	4,80
20,56	4,84
20,58	4,92
20,61	4,97
20,63	5,09
20,65	5,13
20,68	5,20
20,70	5,26
20,73	5,35
20,75	5,40
20,78	5,50
20,80	5,54
20,83	5,64
20,85	5,71
20,87	5,80
20,90	5,87
20,92	5,97
20,95	6,02
20,97	6,14
21,00	6,20
21,02	6,28
21,05	6,35
21,07	6,45
21,09	6,52
21,12	6,62
21,14	6,70
21,17	6,81
21,19	6,87
21,22	6,95
21,24	7,05
21,26	7,13
21,29	7,21
21,31	7,28
21,34	7,34
21,36	7,44
21,39	7,54
21,41	7,59
21,44	7,69
21,46	7,75
21,48	7,84
21,51	7,94
21,53	8,02
21,56	8,09
21,58	8,18
21,61	8,23
21,63	8,31
21,66	8,36
21,68	8,42
21,70	8,47
21,73	8,52
21,75	8,55
21,78	8,62
21,80	8,64
21,83	8,69
21,85	8,71
21,88	8,76
21,90	8,77
21,92	8,79
21,95	8,77
21,97	8,80
22,00	8,76
22,02	8,77
22,05	8,73
22,07	8,73
22,10	8,70
22,12	8,69
22,14	8,62
22,17	8,62
22,19	8,55
22,22	8,51
22,24	8,44
22,27	8,38
22,29	8,29
22,31	8,24
22,34	8,16
22,36	8,11
22,39	8,03
22,41	7,95
22,44	7,88
22,46	7,79
22,49	7,69
22,51	7,62
22,53	7,51
22,56	7,40
22,58	7,29
22,61	7,19
22,63	7,11
22,66	7,00
22,68	6,89
22,71	6,80
22,73	6,72
22,75	6,63
22,78	6,55
22,80	6,43
22,83	6,37
22,85	6,26
22,88	6,14
22,90	6,01
22,93	5,91
22,95	5,79
22,97	5,72
23,00	5,59
23,02	5,52
23,05	5,43
23,07	5,36
23,10	5,28
23,12	5,23
23,15	5,10
23,17	5,06
23,19	4,94
23,22	4,88
23,24	4,78
23,27	4,71
23,29	4,62
23,32	4,57
23,34	4,47
23,36	4,46
23,39	4,36
23,41	4,34
23,44	4,27
23,46	4,25
23,49	4,18
23,51	4,17
23,54	4,09
23,56	4,09
23,58	4,02
23,61	4,00
23,63	3,95
23,66	3,95
23,68	3,90
23,71	3,93
23,73	3,90
23,76	3,92
23,78	3,88
23,80	3,88
23,83	3,87
23,85	3,89
23,88	3,84
23,90	3,86
23,93	3,84
23,95	3,88
23,98	3,87
24,00	3,89
24,02	3,89
24,05	3,91
24,07	3,93
24,10	3,96
24,12	3,93
24,15	3,98
24,17	4,00
24,20	4,04
24,22	4,08
24,24	4,10
24,27	4,12
24,29	4,19
24,32	4,23
24,34	4,28
24,37	4,31
24,39	4,36
24,42	4,40
24,44	4,48
24,46	4,52
24,49	4,56
24,51	4,61
24,54	4,65
24,56	4,72
24,59	4,77
24,61	4,82
24,63	4,89
24,66	4,95
24,68	5,02
24,71	5,11
24,73	5,15
24,76	5,24
24,78	5,30
24,81	5,39
24,83	5,44
24,85	5,50
24,88	5,55
24,90	5,67
24,93	5,72
24,95	5,81
24,98	5,88
25,00	5,98
25,03	6,08
25,05	6,18
25,07	6,23
25,10	6,33
25,12	6,39
25,15	6,49
25,17	6,57
25,20	6,67
25,22	6,74
25,25	6,85
25,27	6,94
25,29	7,06
25,32	7,14
25,34	7,24
25,37	7,34
25,39	7,45
25,42	7,52
25,44	7,63
25,47	7,70
25,49	7,81
25,51	7,90
25,54	7,99
25,56	8,10
25,59	8,22
25,61	8,32
25,64	8,47
25,66	8,57
25,68	8,70
25,71	8,83
25,73	8,96
25,76	9,09
25,78	9,22
25,81	9,29
25,83	9,41
25,86	9,50
25,88	9,63
25,90	9,74
25,93	9,85
25,95	9,95
25,98	10,09
26,00	10,23
26,03	10,39
26,05	10,49
26,08	10,61
26,10	10,75
26,12	10,88
26,15	10,99
26,17	11,10
26,20	11,19
26,22	11,30
26,25	11,40
26,27	11,49
26,30	11,64
26,32	11,75
26,34	11,87
26,37	11,99
26,39	12,13
26,42	12,23
26,44	12,35
26,47	12,41
26,49	12,50
26,52	12,57
26,54	12,65
26,56	12,69
26,59	12,78
26,61	12,83
26,64	12,93
26,66	12,97
26,69	13,05
26,71	13,08
26,73	13,14
26,76	13,17
26,78	13,20
26,81	13,18
26,83	13,21
26,86	13,17
26,88	13,17
26,91	13,13
26,93	13,11
26,95	13,07
26,98	13,03
27,00	12,96
27,03	12,93
27,05	12,85
27,08	12,79
27,10	12,69
27,13	12,62
27,15	12,52
27,17	12,44
27,20	12,32
27,22	12,24
27,25	12,14
27,27	12,03
27,30	11,92
27,32	11,79
27,35	11,65
27,37	11,52
27,39	11,38
27,42	11,22
27,44	11,06
27,47	10,89
27,49	10,75
27,52	10,61
27,54	10,47
27,57	10,32
27,59	10,18
27,61	10,02
27,64	9,88
27,66	9,71
27,69	9,54
27,71	9,35
27,74	9,18
27,76	9,01
27,78	8,86
27,81	8,68
27,83	8,55
27,86	8,40
27,88	8,29
27,91	8,14
27,93	7,99
27,96	7,82
27,98	7,71
28,00	7,55
28,03	7,42
28,05	7,26
28,08	7,14
28,10	7,03
28,13	6,94
28,15	6,80
28,18	6,72
28,20	6,60
28,22	6,55
28,25	6,44
28,27	6,37
28,30	6,27
28,32	6,20
28,35	6,10
28,37	6,06
28,40	5,96
28,42	5,92
28,44	5,84
28,47	5,79
28,49	5,74
28,52	5,72
28,54	5,64
28,57	5,66
28,59	5,61
28,62	5,61
28,64	5,57
28,66	5,58
28,69	5,54
28,71	5,55
28,74	5,48
28,76	5,51
28,79	5,48
28,81	5,51
28,84	5,52
28,86	5,55
28,88	5,56
28,91	5,60
28,93	5,60
28,96	5,66
28,98	5,68
29,01	5,72
29,03	5,74
29,05	5,78
29,08	5,82
29,10	5,87
29,13	5,91
29,15	5,97
29,18	6,00
29,20	6,06
29,23	6,11
29,25	6,18
29,27	6,24
29,30	6,32
29,32	6,38
29,35	6,45
29,37	6,53
29,40	6,61
29,42	6,68
29,45	6,74
29,47	6,80
29,49	6,88
29,52	6,97
29,54	7,08
29,57	7,18
29,59	7,26
29,62	7,35
29,64	7,44
29,67	7,54
29,69	7,65
29,71	7,73
29,74	7,80
29,76	7,91
29,79	8,03
29,81	8,15
29,84	8,26
29,86	8,37
29,89	8,48
29,91	8,61
29,93	8,72
29,96	8,85
29,98	8,95
30,01	9,07
30,03	9,19
30,06	9,32
30,08	9,44
30,10	9,56
30,13	9,68
30,15	9,82
30,18	9,94
30,20	10,07
30,23	10,20
30,25	10,34
30,28	10,48
30,30	10,62
30,32	10,75
30,35	10,89
30,37	11,00
30,40	11,13
30,42	11,29
30,45	11,43
30,47	11,55
30,50	11,73
30,52	11,85
30,54	12,05
30,57	12,20
30,59	12,36
30,62	12,50
30,64	12,68
30,67	12,79
30,69	12,97
30,72	13,09
30,74	13,25
30,76	13,40
30,79	13,57
30,81	13,72
30,84	13,92
30,86	14,07
30,89	14,27
30,91	14,44
30,94	14,59
30,96	14,76
30,98	14,91
31,01	15,04
31,03	15,19
31,06	15,33
31,08	15,47
31,11	15,64
31,13	15,76
31,15	15,94
31,18	16,11
31,20	16,28
31,23	16,42
31,25	16,56
31,28	16,69
31,30	16,84
31,33	16,96
31,35	17,08
31,37	17,18
31,40	17,31
31,42	17,42
31,45	17,53
31,47	17,62
31,50	17,73
31,52	17,82
31,55	17,93
31,57	18,00
31,59	18,11
31,62	18,16
31,64	18,25
31,67	18,27
31,69	18,33
31,72	18,35
31,74	18,39
31,77	18,38
31,79	18,39
31,81	18,34
31,84	18,35
31,86	18,28
31,89	18,28
31,91	18,21
31,94	18,16
31,96	18,07
31,99	18,00
32,01	17,90
32,03	17,85
32,06	17,72
32,08	17,64
32,11	17,50
32,13	17,38
32,16	17,29
32,18	17,18
32,20	17,03
32,23	16,89
32,25	16,72
32,28	16,57
32,30	16,43
32,33	16,25
32,35	16,06
32,38	15,88
32,40	15,71
32,42	15,56
32,45	15,39
32,47	15,21
32,50	15,02
32,52	14,84
32,55	14,68
32,57	14,45
32,60	14,24
32,62	14,04
32,64	13,82
32,67	13,58
32,69	13,36
32,72	13,08
32,74	12,90
32,77	12,68
32,79	12,49
32,82	12,29
32,84	12,12
32,86	11,91
32,89	11,79
32,91	11,58
32,94	11,40
32,96	11,19
32,99	11,00
33,01	10,79
33,04	10,64
33,06	10,44
33,08	10,29
33,11	10,11
33,13	9,97
33,16	9,83
33,18	9,72
33,21	9,56
33,23	9,46
33,26	9,32
33,28	9,23
33,30	9,09
33,33	9,00
33,35	8,90
33,38	8,82
33,40	8,69
33,43	8,65
33,45	8,53
33,47	8,49
33,50	8,42
33,52	8,36
33,55	8,31
33,57	8,28
33,60	8,20
33,62	8,20
33,65	8,15
33,67	8,13
33,69	8,10
33,72	8,11
33,74	8,11
33,77	8,12
33,79	8,10
33,82	8,13
33,84	8,12
33,87	8,13
33,89	8,16
33,91	8,16
33,94	8,18
33,96	8,24
33,99	8,27
34,01	8,35
34,04	8,39
34,06	8,43
34,09	8,52
34,11	8,57
34,13	8,62
34,16	8,69
34,18	8,73
34,21	8,81
34,23	8,88
34,26	8,92
34,28	9,01
34,31	9,09
34,33	9,17
34,35	9,27
34,38	9,35
34,40	9,44
34,43	9,55
34,45	9,64
34,48	9,77
34,50	9,84
34,52	9,94
34,55	10,04
34,57	10,16
34,60	10,26
34,62	10,41
34,65	10,50
34,67	10,66
34,70	10,81
34,72	10,97
34,74	11,10
34,77	11,27
34,79	11,40
34,82	11,59
34,84	11,71
34,87	11,83
34,89	11,96
34,92	12,11
34,94	12,24
34,96	12,38
34,99	12,49
35,01	12,67
35,04	12,81
35,06	12,98
35,09	13,15
35,11	13,32
35,14	13,48
35,16	13,67
35,18	13,79
35,21	13,98
35,23	14,13
35,26	14,28
35,28	14,41
35,31	14,58
35,33	14,73
35,36	14,95
35,38	15,10
35,40	15,28
35,43	15,47
35,45	15,69
35,48	15,86
35,50	16,07
35,53	16,25
35,55	16,46
35,57	16,61
35,60	16,78
35,62	16,94
35,65	17,13
35,67	17,29
35,70	17,45
35,72	17,63
35,75	17,85
35,77	18,05
35,79	18,24
35,82	18,42
35,84	18,63
35,87	18,84
35,89	19,01
35,92	19,17
35,94	19,36
35,97	19,55
35,99	19,75
36,01	19,93
36,04	20,08
36,06	20,29
36,09	20,50
36,11	20,69
36,14	20,87
36,16	21,07
36,19	21,23
36,21	21,44
36,23	21,60
36,26	21,73
36,28	21,85
36,31	21,98
36,33	22,08
36,36	22,23
36,38	22,33
36,41	22,46
36,43	22,58
36,45	22,72
36,48	22,84
36,50	22,94
36,53	23,01
36,55	23,12
36,58	23,19
36,60	23,27
36,62	23,33
36,65	23,37
36,67	23,43
36,70	23,47
36,72	23,47
36,75	23,51
36,77	23,48
36,80	23,48
36,82	23,46
36,84	23,43
36,87	23,36
36,89	23,32
36,92	23,23
36,94	23,23
36,97	23,15
36,99	23,08
37,02	23,00
37,04	22,89
37,06	22,80
37,09	22,72
37,11	22,57
37,14	22,44
37,16	22,32
37,19	22,16
37,21	22,05
37,24	21,87
37,26	21,70
37,28	21,56
37,31	21,41
37,33	21,23
37,36	21,07
37,38	20,89
37,41	20,72
37,43	20,54
37,46	20,32
37,48	20,10
37,50	19,89
37,53	19,65
37,55	19,43
37,58	19,19
37,60	18,96
37,63	18,74
37,65	18,54
37,68	18,32
37,70	18,12
37,72	17,89
37,75	17,68
37,77	17,42
37,80	17,19
37,82	16,95
37,85	16,74
37,87	16,49
37,89	16,27
37,92	16,03
37,94	15,86
37,97	15,61
37,99	15,43
38,02	15,22
38,04	15,06
38,07	14,84
38,09	14,69
38,11	14,48
38,14	14,34
38,16	14,13
38,19	13,96
38,21	13,75
38,24	13,60
38,26	13,42
38,29	13,30
38,31	13,12
38,33	13,01
38,36	12,86
38,38	12,77
38,41	12,66
38,43	12,57
38,46	12,44
38,48	12,39
38,51	12,29
38,53	12,23
38,55	12,13
38,58	12,08
38,60	11,99
38,63	11,96
38,65	11,90
38,68	11,88
38,70	11,82
38,73	11,80
38,75	11,78
38,77	11,79
38,80	11,78
38,82	11,79
38,85	11,77
38,87	11,80
38,90	11,81
38,92	11,81
38,94	11,83
38,97	11,87
38,99	11,90
39,02	11,95
39,04	12,01
39,07	12,05
39,09	12,11
39,12	12,15
39,14	12,19
39,16	12,24
39,19	12,29
39,21	12,36
39,24	12,44
39,26	12,51
39,29	12,60
39,31	12,68
39,34	12,79
39,36	12,87
39,38	12,97
39,41	13,05
39,43	13,15
39,46	13,25
39,48	13,39
39,51	13,49
39,53	13,63
39,56	13,75
39,58	13,91
39,60	14,06
39,63	14,23
39,65	14,34
39,68	14,51
39,70	14,65
39,73	14,79
39,75	14,94
39,78	15,09
39,80	15,22
39,82	15,39
39,85	15,53
39,87	15,71
39,90	15,88
39,92	16,05
39,95	16,23
39,97	16,41
39,99	16,58
40,02	16,78
40,04	16,93
40,07	17,10
40,09	17,25
40,12	17,42
40,14	17,58
40,17	17,76
40,19	17,95
40,21	18,17
40,24	18,38
40,26	18,62
40,29	18,82
40,31	19,05
40,34	19,27
40,36	19,50
40,39	19,70
40,41	19,93
40,43	20,09
40,46	20,30
40,48	20,51
40,51	20,72
40,53	20,89
40,56	21,10
40,58	21,30
40,61	21,58
40,63	21,80
40,65	22,02
40,68	22,26
40,70	22,51
40,73	22,75
40,75	23,00
40,78	23,19
40,80	23,41
40,83	23,64
40,85	23,86
40,87	24,10
40,90	24,30
40,92	24,50
40,95	24,76
40,97	24,99
41,00	25,23
41,02	25,47
41,05	25,66
41,07	25,91
41,09	26,12
41,12	26,31
41,14	26,50
41,17	26,67
41,19	26,81
41,22	27,03
41,24	27,19
41,26	27,37
41,29	27,55
41,31	27,73
41,34	27,91
41,36	28,09
41,39	28,22
41,41	28,37
41,44	28,48
41,46	28,64
41,48	28,75
41,51	28,87
41,53	28,98
41,56	29,11
41,58	29,20
41,61	29,31
41,63	29,37
41,66	29,46
41,68	29,53
41,70	29,61
41,73	29,63
41,75	29,69
41,78	29,72
41,80	29,75
41,83	29,77
41,85	29,78
41,88	29,77
41,90	29,75
41,92	29,71
41,95	29,71
41,97	29,68
42,00	29,64
42,02	29,60
42,05	29,53
42,07	29,50
42,10	29,44
42,12	29,36
42,14	29,24
42,17	29,16
42,19	29,05
42,22	28,97
42,24	28,83
42,27	28,72
42,29	28,58
42,31	28,49
42,34	28,35
42,36	28,21
42,39	28,04
42,41	27,93
42,44	27,75
42,46	27,57
42,49	27,35
42,51	27,19
42,53	26,99
42,56	26,84
42,58	26,63
42,61	26,47
42,63	26,28
42,66	26,13
42,68	25,90
42,71	25,72
42,73	25,48
42,75	25,29
42,78	25,03
42,80	24,85
42,83	24,59
42,85	24,38
42,88	24,15
42,90	23,97
42,93	23,73
42,95	23,57
42,97	23,35
43,00	23,21
43,02	22,97
43,05	22,77
43,07	22,54
43,10	22,36
43,12	22,12
43,15	21,96
43,17	21,73
43,19	21,58
43,22	21,40
43,24	21,26
43,27	21,08
43,29	20,94
43,32	20,73
43,34	20,62
43,36	20,46
43,39	20,32
43,41	20,19
43,44	20,07
43,46	19,91
43,49	19,80
43,51	19,66
43,54	19,58
43,56	19,47
43,58	19,33
43,61	19,23
43,63	19,15
43,66	19,08
43,68	19,02
43,71	18,92
43,73	18,86
43,76	18,81
43,78	18,74
43,80	18,74
43,83	18,72
43,85	18,68
43,88	18,69
43,90	18,68
43,93	18,66
43,95	18,69
43,98	18,67
44,00	18,66
44,02	18,67
44,05	18,65
44,07	18,66
44,10	18,69
44,12	18,71
44,15	18,76
44,17	18,81
44,20	18,86
44,22	18,93
44,24	19,01
44,27	19,08
44,29	19,16
44,32	19,22
44,34	19,30
44,37	19,36
44,39	19,47
44,41	19,56
44,44	19,67
44,46	19,78
44,49	19,90
44,51	20,03
44,54	20,18
44,56	20,33
44,59	20,47
44,61	20,62
44,63	20,76
44,66	20,88
44,68	21,02
44,71	21,18
44,73	21,31
44,76	21,47
44,78	21,61
44,81	21,80
44,83	22,00
44,85	22,19
44,88	22,42
44,90	22,62
44,93	22,83
44,95	23,03
44,98	23,22
45,00	23,46
45,03	23,69
45,05	23,87
45,07	24,09
45,10	24,28
45,12	24,55
45,15	24,80
45,17	25,03
45,20	25,28
45,22	25,56
45,25	25,81
45,27	26,10
45,29	26,33
45,32	26,57
45,34	26,81
45,37	27,05
45,39	27,28
45,42	27,53
45,44	27,79
45,47	28,07
45,49	28,36
45,51	28,67
45,54	28,97
45,56	29,25
45,59	29,57
45,61	29,91
45,64	30,24
45,66	30,53
45,68	30,80
45,71	31,08
45,73	31,41
45,76	31,70
45,78	32,00
45,81	32,28
45,83	32,58
45,86	32,95
45,88	33,31
45,90	33,63
45,93	33,99
45,95	34,32
45,98	34,69
46,00	35,05
46,03	35,35
46,05	35,69
46,08	36,06
46,10	36,39
46,12	36,74
46,15	37,12
46,17	37,53
46,20	37,98
46,22	38,44
46,25	40,26
46,27	42,06
46,30	43,81
46,32	45,46
46,34	47,04
46,37	48,57
46,39	50,00
46,42	50,00
46,44	50,00
46,47	50,00
46,49	50,00
46,52	50,00
46,54	50,00
46,56	50,00
46,59	50,00
46,61	50,00
46,64	50,00
46,66	50,00
46,69	50,00
46,71	50,00
46,73	50,00
46,76	50,00
46,78	50,00
46,81	50,00
46,83	50,00
46,86	50,00
46,88	50,00
46,91	50,00
46,93	50,00
46,95	50,00
46,98	50,00
47,00	50,00
47,03	50,00
47,05	50,00
47,08	50,00
47,10	50,00
47,13	50,00
47,15	50,00
47,17	50,00
47,20	50,00
47,22	50,00
47,25	50,00
47,27	50,00
47,30	50,00
47,32	50,00
47,35	50,00
47,37	50,00
47,39	50,00
47,42	50,00
47,44	50,00
47,47	50,00
47,49	50,00
47,52	50,00
47,54	50,00
47,57	50,00
47,59	50,00
47,61	50,00
47,64	50,00
47,66	50,00
47,69	50,00
47,71	50,00
47,74	50,00
47,76	50,00
47,78	50,00
47,81	50,00
47,83	50,00
47,86	50,00
47,88	50,00
47,91	50,00
47,93	50,00
47,96	50,00
47,98	50,00
48,00	50,00
48,03	50,00
48,05	50,00
48,08	50,00
48,10	50,00
48,13	50,00
48,15	50,00
48,18	50,00
48,20	50,00
48,22	50,00
48,25	50,00
48,27	50,00
48,30	50,00
48,32	50,00
48,35	50,00
48,37	50,00
48,40	50,00
48,42	50,00
48,44	50,00
48,47	50,00
48,49	50,00
48,52	50,00
48,54	50,00
48,57	50,00
48,59	50,00
48,62	50,00
48,64	50,00
48,66	50,00
48,69	50,00
48,71	50,00
48,74	50,00
48,76	50,00
48,79	50,00
48,81	50,00
48,84	50,00
48,86	50,00
48,88	50,00
48,91	50,00
48,93	50,00
48,96	50,00
48,98	50,00
49,01	50,00
49,03	50,00
49,05	50,00
49,08	50,00
49,10	50,00
49,13	50,00
49,15	50,00
49,18	50,00
49,20	50,00
49,23	50,00
49,25	50,00
49,27	50,00
49,30	50,00
49,32	50,00
49,35	50,00
49,37	50,00
49,40	50,00
49,42	50,00
49,45	50,00
49,47	50,00
49,49	50,00
49,52	50,00
49,54	50,00
49,57	50,00
49,59	50,00
49,62	50,00
49,64	50,00
49,67	50,00
49,69	50,00
49,71	50,00
49,74	50,00
49,76	50,00
49,79	50,00
49,81	50,00
49,84	50,00
49,86	50,00
49,89	50,00
49,91	50,00
49,93	50,00
49,96	50,00
49,98	50,00
50,01	50,00
50,03	50,00
50,06	50,00
50,08	50,00
50,10	50,00
50,13	50,00
50,15	50,00
50,18	50,00
50,20	50,00
50,23	50,00
50,25	50,00
50,28	50,00
50,30	50,00
50,32	50,00
50,35	50,00
50,37	50,00
50,40	50,00
50,42	50,00
50,45	50,00
50,47	50,00
50,50	50,00
50,52	50,00
50,54	50,00
50,57	50,00
50,59	50,00
50,62	50,00
50,64	50,00
50,67	50,00
50,69	50,00
50,72	50,00
50,74	50,00
50,76	50,00
50,79	50,00
50,81	50,00
50,84	50,00
50,86	50,00
50,89	50,00
50,91	50,00
50,94	50,00
50,96	50,00
50,98	50,00
51,01	50,00
51,03	50,00
51,06	50,00
51,08	50,00
51,11	50,00
51,13	50,00
51,15	50,00
51,18	50,00
51,20	50,00
51,23	50,00
51,25	50,00
51,28	50,00
51,30	50,00
51,33	50,00
51,35	50,00
51,37	50,00
51,40	50,00
51,42	50,00
51,45	50,00
51,47	50,00
51,50	50,00
51,52	50,00
51,55	50,00
51,57	50,00
51,59	50,00
51,62	50,00
51,64	50,00
51,67	50,00
51,69	50,00
51,72	50,00
51,74	50,00
51,77	50,00
51,79	50,00
51,81	50,00
51,84	50,00
51,86	50,00
51,89	50,00
51,91	50,00
51,94	50,00
51,96	50,00
51,99	50,00
52,01	50,00
52,03	50,00
52,06	50,00
52,08	50,00
52,11	50,00
52,13	50,00
52,16	50,00
52,18	50,00
52,20	50,00
52,23	50,00
52,25	50,00
52,28	50,00
52,30	50,00
52,33	50,00
52,35	50,00
52,38	50,00
52,40	50,00
52,42	50,00
52,45	50,00
52,47	50,00
52,50	50,00
52,52	50,00
52,55	50,00
52,57	50,00
52,60	50,00
52,62	50,00
52,64	50,00
52,67	50,00
52,69	50,00
52,72	50,00
52,74	50,00
52,77	50,00
52,79	50,00
52,82	50,00
52,84	50,00
52,86	50,00
52,89	50,00
52,91	50,00
52,94	50,00
52,96	50,00
52,99	50,00
53,01	50,00
53,04	50,00
53,06	50,00
53,08	50,00
53,11	50,00
53,13	50,00
53,16	50,00
53,18	50,00
53,21	50,00
53,23	50,00
53,26	50,00
53,28	50,00
53,30	50,00
53,33	50,00
53,35	50,00
53,38	50,00
53,40	50,00
53,43	50,00
53,45	50,00
53,47	50,00
53,50	50,00
53,52	50,00
53,55	50,00
53,57	50,00
53,60	50,00
53,62	50,00
53,65	50,00
53,67	50,00
53,69	50,00
53,72	50,00
53,74	50,00
53,77	50,00
53,79	50,00
53,82	50,00
53,84	50,00
53,87	50,00
53,89	50,00
53,91	50,00
53,94	50,00
53,96	50,00
53,99	50,00
54,01	50,00
54,04	50,00
54,06	50,00
54,09	50,00
54,11	50,00
54,13	50,00
54,16	50,00
54,18	50,00
54,21	50,00
54,23	50,00
54,26	50,00
54,28	50,00
54,31	50,00
54,33	50,00
54,35	50,00
54,38	50,00
54,40	50,00
54,43	50,00
54,45	50,00
54,48	50,00
54,50	50,00
54,52	50,00
54,55	50,00
54,57	50,00
54,60	50,00
54,62	50,00
54,65	50,00
54,67	50,00
54,70	50,00
54,72	50,00
54,74	50,00
54,77	50,00
54,79	50,00
54,82	50,00
54,84	50,00
54,87	50,00
54,89	50,00
54,92	50,00
54,94	50,00
54,96	50,00
54,99	50,00
55,01	50,00
55,04	50,00
55,06	50,00
55,09	50,00
55,11	50,00
55,14	50,00
55,16	50,00
55,18	50,00
55,21	50,00
55,23	50,00
55,26	50,00
55,28	50,00
55,31	50,00
55,33	50,00
55,36	50,00
55,38	50,00
55,40	50,00
55,43	50,00
55,45	50,00
55,48	50,00
55,50	50,00
55,53	50,00
55,55	50,00
55,57	50,00
55,60	50,00
55,62	50,00
55,65	50,00
55,67	50,00
55,70	50,00
55,72	50,00
55,75	50,00
55,77	50,00
55,79	50,00
55,82	50,00
55,84	50,00
55,87	50,00
55,89	50,00
55,92	50,00
55,94	50,00
55,97	50,00
55,99	50,00
56,01	50,00
56,04	50,00
56,06	50,00
56,09	50,00
56,11	50,00
56,14	50,00
56,16	50,00
56,19	50,00
56,21	50,00
56,23	50,00
56,26	50,00
56,28	50,00
56,31	50,00
56,33	50,00
56,36	50,00
56,38	50,00
56,41	50,00
56,43	50,00
56,45	50,00
56,48	50,00
56,50	50,00
56,53	50,00
56,55	50,00
56,58	50,00
56,60	50,00
56,62	50,00
56,65	50,00
56,67	50,00
56,70	50,00
56,72	50,00
56,75	50,00
56,77	50,00
56,80	50,00
56,82	50,00
56,84	50,00
56,87	50,00
56,89	50,00
56,92	50,00
56,94	50,00
56,97	50,00
56,99	50,00
57,02	50,00
57,04	50,00
57,06	50,00
57,09	50,00
57,11	50,00
57,14	50,00
57,16	50,00
57,19	50,00
57,21	50,00
57,24	50,00
57,26	50,00
57,28	50,00
57,31	50,00
57,33	50,00
57,36	50,00
57,38	50,00
57,41	50,00
57,43	50,00
57,46	50,00
57,48	50,00
57,50	50,00
57,53	50,00
57,55	50,00
57,58	50,00
57,60	50,00
57,63	50,00
57,65	50,00
57,68	50,00
57,70	50,00
57,72	50,00
57,75	50,00
57,77	50,00
57,80	50,00
57,82	50,00
57,85	50,00
57,87	50,00
57,89	50,00
57,92	50,00
57,94	50,00
57,97	50,00
57,99	50,00
58,02	50,00
58,04	50,00
58,07	50,00
58,09	50,00
58,11	50,00
58,14	50,00
58,16	50,00
58,19	50,00
58,21	50,00
58,24	50,00
58,26	50,00
58,29	50,00
58,31	50,00
58,33	50,00
58,36	50,00
58,38	50,00
58,41	50,00
58,43	50,00
58,46	50,00
58,48	50,00
58,51	50,00
58,53	50,00
58,55	50,00
58,58	50,00
58,60	50,00
58,63	50,00
58,65	50,00
58,68	50,00
58,70	50,00
58,73	50,00
58,75	50,00
58,77	50,00
58,80	50,00
58,82	50,00
58,85	50,00
58,87	50,00
58,90	50,00
58,92	50,00
58,94	50,00
58,97	50,00
58,99	50,00
59,02	50,00
59,04	50,00
59,07	50,00
59,09	50,00
59,12	50,00
59,14	50,00
59,16	50,00
59,19	50,00
59,21	50,00
59,24	50,00
59,26	50,00
59,29	50,00
59,31	50,00
59,34	50,00
59,36	50,00
59,38	50,00
59,41	50,00
59,43	50,00
59,46	50,00
59,48	50,00
59,51	50,00
59,53	50,00
59,56	50,00
59,58	50,00
59,60	50,00
59,63	50,00
59,65	50,00
59,68	50,00
59,70	50,00
59,73	50,00
59,75	50,00
59,78	50,00
59,80	50,00
59,82	50,00
59,85	50,00
59,87	50,00
59,90	50,00
59,92	50,00
59,95	50,00
59,97	50,00
59,99	50,00
