Voltage U1	Corriente IA
U1/V	IA/nA

0,02	0,32
0,04	0,32
0,07	0,35
0,09	0,37
0,12	0,40
0,14	0,38
0,17	0,41
0,19	0,37
0,21	0,39
0,24	0,37
0,26	0,37
0,29	0,36
0,31	0,37
0,34	0,35
0,36	0,39
0,39	0,37
0,41	0,39
0,43	0,39
0,46	0,40
0,48	0,38
0,51	0,41
0,53	0,39
0,56	0,41
0,58	0,38
0,61	0,39
0,63	0,37
0,65	0,38
0,68	0,35
0,70	0,37
0,73	0,36
0,75	0,39
0,78	0,38
0,80	0,40
0,83	0,41
0,85	0,41
0,87	0,41
0,90	0,42
0,92	0,38
0,95	0,38
0,97	0,36
1,00	0,36
1,02	0,37
1,05	0,36
1,07	0,36
1,09	0,39
1,12	0,38
1,14	0,38
1,17	0,41
1,19	0,40
1,22	0,42
1,24	0,40
1,26	0,40
1,29	0,40
1,31	0,42
1,34	0,38
1,36	0,40
1,39	0,38
1,41	0,38
1,44	0,38
1,46	0,39
1,48	0,37
1,51	0,37
1,53	0,36
1,56	0,41
1,58	0,40
1,61	0,41
1,63	0,40
1,66	0,40
1,68	0,39
1,70	0,39
1,73	0,35
1,75	0,37
1,78	0,34
1,80	0,35
1,83	0,36
1,85	0,38
1,88	0,37
1,90	0,41
1,92	0,38
1,95	0,42
1,97	0,40
2,00	0,40
2,02	0,38
2,05	0,40
2,07	0,36
2,10	0,39
2,12	0,34
2,14	0,37
2,17	0,36
2,19	0,38
2,22	0,36
2,24	0,38
2,27	0,35
2,29	0,41
2,31	0,38
2,34	0,40
2,36	0,39
2,39	0,38
2,41	0,37
2,44	0,39
2,46	0,36
2,49	0,37
2,51	0,33
2,53	0,34
2,56	0,37
2,58	0,38
2,61	0,37
2,63	0,37
2,66	0,37
2,68	0,39
2,71	0,39
2,73	0,38
2,75	0,39
2,78	0,38
2,80	0,38
2,83	0,38
2,85	0,38
2,88	0,35
2,90	0,36
2,93	0,35
2,95	0,36
2,97	0,36
3,00	0,36
3,02	0,39
3,05	0,41
3,07	0,38
3,10	0,40
3,12	0,36
3,15	0,38
3,17	0,37
3,19	0,36
3,22	0,34
3,24	0,36
3,27	0,33
3,29	0,38
3,32	0,36
3,34	0,39
3,36	0,37
3,39	0,39
3,41	0,37
3,44	0,40
3,46	0,37
3,49	0,39
3,51	0,36
3,54	0,37
3,56	0,36
3,58	0,37
3,61	0,35
3,63	0,37
3,66	0,36
3,68	0,41
3,71	0,40
3,73	0,41
3,76	0,43
3,78	0,43
3,80	0,41
3,83	0,43
3,85	0,36
3,88	0,38
3,90	0,36
3,93	0,36
3,95	0,35
3,98	0,36
4,00	0,34
4,02	0,40
4,05	0,37
4,07	0,39
4,10	0,39
4,12	0,40
4,15	0,41
4,17	0,42
4,20	0,37
4,22	0,39
4,24	0,38
4,27	0,37
4,29	0,38
4,32	0,37
4,34	0,35
4,37	0,38
4,39	0,38
4,42	0,41
4,44	0,41
4,46	0,38
4,49	0,42
4,51	0,41
4,54	0,42
4,56	0,42
4,59	0,39
4,61	0,38
4,63	0,40
4,66	0,38
4,68	0,40
4,71	0,38
4,73	0,38
4,76	0,39
4,78	0,41
4,81	0,40
4,83	0,41
4,85	0,41
4,88	0,43
4,90	0,43
4,93	0,46
4,95	0,44
4,98	0,46
5,00	0,44
5,03	0,44
5,05	0,40
5,07	0,41
5,10	0,37
5,12	0,39
5,15	0,37
5,17	0,39
5,20	0,38
5,22	0,44
5,25	0,41
5,27	0,44
5,29	0,41
5,32	0,42
5,34	0,40
5,37	0,40
5,39	0,35
5,42	0,39
5,44	0,35
5,47	0,38
5,49	0,39
5,51	0,41
5,54	0,40
5,56	0,44
5,59	0,41
5,61	0,44
5,64	0,41
5,66	0,42
5,68	0,40
5,71	0,42
5,73	0,40
5,76	0,43
5,78	0,41
5,81	0,42
5,83	0,41
5,86	0,44
5,88	0,42
5,90	0,44
5,93	0,41
5,95	0,45
5,98	0,43
6,00	0,44
6,03	0,43
6,05	0,44
6,08	0,43
6,10	0,45
6,12	0,44
6,15	0,47
6,17	0,47
6,20	0,46
6,22	0,48
6,25	0,48
6,27	0,48
6,30	0,48
6,32	0,47
6,34	0,48
6,37	0,49
6,39	0,49
6,42	0,50
6,44	0,49
6,47	0,51
6,49	0,50
6,52	0,49
6,54	0,49
6,56	0,50
6,59	0,47
6,61	0,51
6,64	0,49
6,66	0,51
6,69	0,51
6,71	0,52
6,73	0,49
6,76	0,52
6,78	0,50
6,81	0,51
6,83	0,50
6,86	0,52
6,88	0,51
6,91	0,52
6,93	0,50
6,95	0,54
6,98	0,53
7,00	0,55
7,03	0,54
7,05	0,56
7,08	0,57
7,10	0,60
7,13	0,57
7,15	0,59
7,17	0,57
7,20	0,59
7,22	0,59
7,25	0,59
7,27	0,58
7,30	0,60
7,32	0,59
7,35	0,63
7,37	0,61
7,39	0,62
7,42	0,61
7,44	0,61
7,47	0,62
7,49	0,64
7,52	0,63
7,54	0,65
7,57	0,63
7,59	0,65
7,61	0,67
7,64	0,64
7,66	0,63
7,69	0,63
7,71	0,62
7,74	0,61
7,76	0,61
7,78	0,60
7,81	0,62
7,83	0,62
7,86	0,63
7,88	0,63
7,91	0,67
7,93	0,67
7,96	0,70
7,98	0,70
8,00	0,71
8,03	0,70
8,05	0,72
8,08	0,72
8,10	0,75
8,13	0,70
8,15	0,73
8,18	0,71
8,20	0,75
8,22	0,76
8,25	0,76
8,27	0,75
8,30	0,77
8,32	0,73
8,35	0,78
8,37	0,73
8,40	0,74
8,42	0,73
8,44	0,73
8,47	0,73
8,49	0,77
8,52	0,74
8,54	0,76
8,57	0,74
8,59	0,74
8,62	0,75
8,64	0,75
8,66	0,75
8,69	0,79
8,71	0,77
8,74	0,79
8,76	0,78
8,79	0,79
8,81	0,79
8,84	0,78
8,86	0,74
8,88	0,76
8,91	0,74
8,93	0,76
8,96	0,76
8,98	0,77
9,01	0,76
9,03	0,78
9,05	0,77
9,08	0,79
9,10	0,75
9,13	0,76
9,15	0,76
9,18	0,77
9,20	0,77
9,23	0,78
9,25	0,76
9,27	0,81
9,30	0,81
9,32	0,81
9,35	0,80
9,37	0,79
9,40	0,79
9,42	0,81
9,45	0,79
9,47	0,80
9,49	0,81
9,52	0,81
9,54	0,82
9,57	0,81
9,59	0,78
9,62	0,79
9,64	0,79
9,67	0,76
9,69	0,77
9,71	0,76
9,74	0,80
9,76	0,81
9,79	0,82
9,81	0,80
9,84	0,79
9,86	0,78
9,89	0,82
9,91	0,79
9,93	0,80
9,96	0,78
9,98	0,81
10,01	0,80
10,03	0,83
10,06	0,81
10,08	0,84
10,10	0,82
10,13	0,82
10,15	0,83
10,18	0,85
10,20	0,82
10,23	0,82
10,25	0,81
10,28	0,84
10,30	0,84
10,32	0,85
10,35	0,83
10,37	0,86
10,40	0,83
10,42	0,86
10,45	0,83
10,47	0,86
10,50	0,84
10,52	0,86
10,54	0,85
10,57	0,88
10,59	0,85
10,62	0,89
10,64	0,88
10,67	0,90
10,69	0,88
10,72	0,91
10,74	0,91
10,76	0,95
10,79	0,91
10,81	0,93
10,84	0,92
10,86	0,94
10,89	0,96
10,91	0,97
10,94	0,95
10,96	0,99
10,98	0,98
11,01	1,02
11,03	1,03
11,06	1,00
11,08	1,02
11,11	1,03
11,13	1,03
11,15	1,03
11,18	1,05
11,20	1,04
11,23	1,06
11,25	1,05
11,28	1,09
11,30	1,10
11,33	1,12
11,35	1,11
11,37	1,15
11,40	1,17
11,42	1,22
11,45	1,20
11,47	1,21
11,50	1,22
11,52	1,24
11,55	1,24
11,57	1,26
11,59	1,25
11,62	1,32
11,64	1,31
11,67	1,36
11,69	1,34
11,72	1,38
11,74	1,40
11,77	1,43
11,79	1,39
11,81	1,44
11,84	1,40
11,86	1,43
11,89	1,45
11,91	1,45
11,94	1,44
11,96	1,49
11,99	1,48
12,01	1,53
12,03	1,53
12,06	1,54
12,08	1,57
12,11	1,60
12,13	1,58
12,16	1,60
12,18	1,58
12,21	1,62
12,23	1,61
12,25	1,61
12,28	1,61
12,30	1,63
12,33	1,62
12,35	1,67
12,38	1,66
12,40	1,69
12,42	1,67
12,45	1,69
12,47	1,69
12,50	1,71
12,52	1,70
12,55	1,73
12,57	1,71
12,60	1,73
12,62	1,72
12,64	1,72
12,67	1,72
12,69	1,72
12,72	1,70
12,74	1,73
12,77	1,72
12,79	1,73
12,82	1,75
12,84	1,76
12,86	1,73
12,89	1,74
12,91	1,73
12,94	1,72
12,96	1,73
12,99	1,70
13,01	1,71
13,04	1,69
13,06	1,68
13,08	1,71
13,11	1,70
13,13	1,69
13,16	1,70
13,18	1,67
13,21	1,71
13,23	1,69
13,26	1,66
13,28	1,66
13,30	1,64
13,33	1,60
13,35	1,59
13,38	1,54
13,40	1,57
13,43	1,54
13,45	1,55
13,47	1,55
13,50	1,56
13,52	1,56
13,55	1,60
13,57	1,55
13,60	1,57
13,62	1,54
13,65	1,55
13,67	1,53
13,69	1,53
13,72	1,47
13,74	1,51
13,77	1,46
13,79	1,48
13,82	1,46
13,84	1,47
13,87	1,45
13,89	1,48
13,91	1,43
13,94	1,47
13,96	1,43
13,99	1,43
14,01	1,40
14,04	1,38
14,06	1,35
14,09	1,36
14,11	1,33
14,13	1,35
14,16	1,31
14,18	1,31
14,21	1,31
14,23	1,33
14,26	1,31
14,28	1,33
14,31	1,30
14,33	1,31
14,35	1,31
14,38	1,32
14,40	1,31
14,43	1,32
14,45	1,28
14,48	1,30
14,50	1,28
14,52	1,28
14,55	1,29
14,57	1,29
14,60	1,28
14,62	1,29
14,65	1,29
14,67	1,33
14,70	1,33
14,72	1,33
14,74	1,32
14,77	1,30
14,79	1,30
14,82	1,31
14,84	1,29
14,87	1,31
14,89	1,32
14,92	1,32
14,94	1,36
14,96	1,36
14,99	1,39
15,01	1,40
15,04	1,40
15,06	1,38
15,09	1,40
15,11	1,41
15,14	1,44
15,16	1,43
15,18	1,45
15,21	1,45
15,23	1,49
15,26	1,48
15,28	1,50
15,31	1,48
15,33	1,52
15,36	1,51
15,38	1,54
15,40	1,58
15,43	1,62
15,45	1,61
15,48	1,66
15,50	1,63
15,53	1,68
15,55	1,67
15,57	1,69
15,60	1,69
15,62	1,74
15,65	1,73
15,67	1,80
15,70	1,80
15,72	1,85
15,75	1,86
15,77	1,92
15,79	1,93
15,82	1,99
15,84	2,00
15,87	2,05
15,89	2,07
15,92	2,11
15,94	2,14
15,97	2,16
15,99	2,18
16,01	2,22
16,04	2,26
16,06	2,30
16,09	2,34
16,11	2,35
16,14	2,42
16,16	2,44
16,19	2,46
16,21	2,52
16,23	2,53
16,26	2,58
16,28	2,62
16,31	2,64
16,33	2,70
16,36	2,74
16,38	2,78
16,41	2,84
16,43	2,88
16,45	2,91
16,48	2,98
16,50	3,01
16,53	3,08
16,55	3,11
16,58	3,17
16,60	3,20
16,63	3,26
16,65	3,29
16,67	3,35
16,70	3,32
16,72	3,37
16,75	3,38
16,77	3,45
16,80	3,47
16,82	3,50
16,84	3,51
16,87	3,62
16,89	3,64
16,92	3,68
16,94	3,68
16,97	3,72
16,99	3,74
17,02	3,78
17,04	3,77
17,06	3,82
17,09	3,79
17,11	3,84
17,14	3,86
17,16	3,89
17,19	3,87
17,21	3,91
17,24	3,90
17,26	3,96
17,28	3,94
17,31	3,95
17,33	3,93
17,36	3,95
17,38	3,91
17,41	3,94
17,43	3,90
17,46	3,91
17,48	3,89
17,50	3,89
17,53	3,86
17,55	3,88
17,58	3,82
17,60	3,86
17,63	3,83
17,65	3,80
17,68	3,77
17,70	3,73
17,72	3,68
17,75	3,67
17,77	3,60
17,80	3,58
17,82	3,54
17,85	3,51
17,87	3,50
17,89	3,47
17,92	3,45
17,94	3,42
17,97	3,38
17,99	3,35
18,02	3,33
18,04	3,29
18,07	3,27
18,09	3,19
18,11	3,15
18,14	3,10
18,16	3,07
18,19	3,03
18,21	2,99
18,24	2,93
18,26	2,91
18,29	2,85
18,31	2,83
18,33	2,80
18,36	2,78
18,38	2,71
18,41	2,68
18,43	2,63
18,46	2,63
18,48	2,57
18,51	2,53
18,53	2,47
18,55	2,47
18,58	2,42
18,60	2,42
18,63	2,35
18,65	2,36
18,68	2,30
18,70	2,30
18,73	2,25
18,75	2,25
18,77	2,22
18,80	2,23
18,82	2,18
18,85	2,19
18,87	2,15
18,90	2,13
18,92	2,08
18,94	2,05
18,97	2,00
18,99	2,02
19,02	1,97
19,04	1,95
19,07	1,95
19,09	1,96
19,12	1,91
19,14	1,91
19,16	1,89
19,19	1,90
19,21	1,88
19,24	1,88
19,26	1,86
19,29	1,86
19,31	1,85
19,34	1,86
19,36	1,84
19,38	1,86
19,41	1,85
19,43	1,87
19,46	1,90
19,48	1,91
19,51	1,90
19,53	1,91
19,56	1,91
19,58	1,93
19,60	1,95
19,63	1,92
19,65	1,93
19,68	1,95
19,70	1,97
19,73	2,00
19,75	2,00
19,78	1,99
19,80	2,06
19,82	2,06
19,85	2,10
19,87	2,14
19,90	2,18
19,92	2,19
19,95	2,23
19,97	2,24
19,99	2,31
20,02	2,32
20,04	2,35
20,07	2,35
20,09	2,42
20,12	2,44
20,14	2,51
20,17	2,54
20,19	2,60
20,21	2,61
20,24	2,68
20,26	2,69
20,29	2,76
20,31	2,76
20,34	2,83
20,36	2,84
20,39	2,91
20,41	2,94
20,43	3,02
20,46	3,08
20,48	3,16
20,51	3,19
20,53	3,28
20,56	3,31
20,58	3,37
20,61	3,41
20,63	3,45
20,65	3,50
20,68	3,56
20,70	3,60
20,73	3,68
20,75	3,72
20,78	3,80
20,80	3,86
20,83	3,95
20,85	4,01
20,87	4,11
20,90	4,16
20,92	4,27
20,95	4,34
20,97	4,41
21,00	4,47
21,02	4,56
21,05	4,62
21,07	4,74
21,09	4,80
21,12	4,89
21,14	4,97
21,17	5,07
21,19	5,16
21,22	5,24
21,24	5,29
21,26	5,39
21,29	5,47
21,31	5,55
21,34	5,64
21,36	5,71
21,39	5,81
21,41	5,90
21,44	5,99
21,46	6,07
21,48	6,15
21,51	6,22
21,53	6,32
21,56	6,40
21,58	6,46
21,61	6,53
21,63	6,61
21,66	6,65
21,68	6,73
21,70	6,79
21,73	6,84
21,75	6,89
21,78	6,95
21,80	7,01
21,83	7,11
21,85	7,13
21,88	7,18
21,90	7,21
21,92	7,26
21,95	7,29
21,97	7,32
22,00	7,32
22,02	7,35
22,05	7,35
22,07	7,37
22,10	7,38
22,12	7,40
22,14	7,36
22,17	7,39
22,19	7,35
22,22	7,32
22,24	7,29
22,27	7,30
22,29	7,24
22,31	7,24
22,34	7,17
22,36	7,14
22,39	7,10
22,41	7,07
22,44	6,96
22,46	6,93
22,49	6,84
22,51	6,79
22,53	6,73
22,56	6,66
22,58	6,55
22,61	6,49
22,63	6,41
22,66	6,37
22,68	6,28
22,71	6,17
22,73	6,09
22,75	6,01
22,78	5,93
22,80	5,82
22,83	5,68
22,85	5,57
22,88	5,47
22,90	5,35
22,93	5,25
22,95	5,14
22,97	5,08
23,00	5,00
23,02	4,93
23,05	4,83
23,07	4,77
23,10	4,68
23,12	4,60
23,15	4,49
23,17	4,38
23,19	4,28
23,22	4,23
23,24	4,12
23,27	4,10
23,29	4,01
23,32	3,93
23,34	3,84
23,36	3,78
23,39	3,70
23,41	3,66
23,44	3,53
23,46	3,48
23,49	3,40
23,51	3,38
23,54	3,30
23,56	3,26
23,58	3,17
23,61	3,14
23,63	3,07
23,66	3,07
23,68	2,98
23,71	2,95
23,73	2,90
23,76	2,90
23,78	2,85
23,80	2,83
23,83	2,78
23,85	2,78
23,88	2,72
23,90	2,71
23,93	2,65
23,95	2,65
23,98	2,61
24,00	2,62
24,02	2,58
24,05	2,60
24,07	2,56
24,10	2,57
24,12	2,55
24,15	2,58
24,17	2,55
24,20	2,58
24,22	2,56
24,24	2,60
24,27	2,59
24,29	2,61
24,32	2,61
24,34	2,63
24,37	2,65
24,39	2,69
24,42	2,70
24,44	2,74
24,46	2,79
24,49	2,83
24,51	2,87
24,54	2,89
24,56	2,91
24,59	2,97
24,61	3,02
24,63	3,04
24,66	3,08
24,68	3,11
24,71	3,18
24,73	3,25
24,76	3,29
24,78	3,34
24,81	3,43
24,83	3,47
24,85	3,56
24,88	3,63
24,90	3,71
24,93	3,76
24,95	3,81
24,98	3,85
25,00	3,95
25,03	4,01
25,05	4,08
25,07	4,13
25,10	4,21
25,12	4,30
25,15	4,37
25,17	4,44
25,20	4,58
25,22	4,63
25,25	4,72
25,27	4,82
25,29	4,93
25,32	5,03
25,34	5,14
25,37	5,19
25,39	5,32
25,42	5,39
25,44	5,49
25,47	5,58
25,49	5,69
25,51	5,77
25,54	5,88
25,56	5,96
25,59	6,12
25,61	6,20
25,64	6,31
25,66	6,42
25,68	6,53
25,71	6,63
25,73	6,77
25,76	6,87
25,78	6,99
25,81	7,09
25,83	7,21
25,86	7,35
25,88	7,47
25,90	7,57
25,93	7,71
25,95	7,84
25,98	8,00
26,00	8,13
26,03	8,26
26,05	8,40
26,08	8,55
26,10	8,67
26,12	8,81
26,15	8,90
26,17	9,03
26,20	9,17
26,22	9,31
26,25	9,41
26,27	9,55
26,30	9,67
26,32	9,85
26,34	9,99
26,37	10,09
26,39	10,22
26,42	10,35
26,44	10,46
26,47	10,58
26,49	10,67
26,52	10,75
26,54	10,85
26,56	10,90
26,59	10,99
26,61	11,07
26,64	11,13
26,66	11,20
26,69	11,30
26,71	11,35
26,73	11,46
26,76	11,55
26,78	11,61
26,81	11,66
26,83	11,71
26,86	11,71
26,88	11,76
26,91	11,74
26,93	11,76
26,95	11,76
26,98	11,77
27,00	11,76
27,03	11,78
27,05	11,76
27,08	11,78
27,10	11,72
27,13	11,69
27,15	11,63
27,17	11,61
27,20	11,51
27,22	11,48
27,25	11,39
27,27	11,29
27,30	11,20
27,32	11,15
27,35	11,02
27,37	10,93
27,39	10,80
27,42	10,70
27,44	10,57
27,47	10,45
27,49	10,26
27,52	10,14
27,54	10,00
27,57	9,86
27,59	9,70
27,61	9,53
27,64	9,35
27,66	9,22
27,69	9,03
27,71	8,88
27,74	8,69
27,76	8,51
27,78	8,37
27,81	8,20
27,83	8,03
27,86	7,88
27,88	7,70
27,91	7,54
27,93	7,39
27,96	7,19
27,98	7,07
28,00	6,89
28,03	6,73
28,05	6,57
28,08	6,42
28,10	6,24
28,13	6,15
28,15	5,97
28,18	5,84
28,20	5,69
28,22	5,58
28,25	5,46
28,27	5,36
28,30	5,21
28,32	5,14
28,35	5,03
28,37	4,96
28,40	4,84
28,42	4,75
28,44	4,64
28,47	4,57
28,49	4,47
28,52	4,43
28,54	4,34
28,57	4,30
28,59	4,23
28,62	4,18
28,64	4,09
28,66	4,07
28,69	3,97
28,71	3,95
28,74	3,87
28,76	3,81
28,79	3,76
28,81	3,75
28,84	3,68
28,86	3,69
28,88	3,65
28,91	3,65
28,93	3,62
28,96	3,65
28,98	3,63
29,01	3,65
29,03	3,62
29,05	3,65
29,08	3,63
29,10	3,67
29,13	3,66
29,15	3,69
29,18	3,71
29,20	3,75
29,23	3,77
29,25	3,87
29,27	3,91
29,30	3,95
29,32	3,98
29,35	4,02
29,37	4,05
29,40	4,11
29,42	4,12
29,45	4,18
29,47	4,24
29,49	4,31
29,52	4,41
29,54	4,50
29,57	4,56
29,59	4,66
29,62	4,73
29,64	4,80
29,67	4,88
29,69	4,96
29,71	5,05
29,74	5,13
29,76	5,21
29,79	5,32
29,81	5,46
29,84	5,57
29,86	5,70
29,89	5,79
29,91	5,93
29,93	6,06
29,96	6,16
29,98	6,26
30,01	6,38
30,03	6,46
30,06	6,60
30,08	6,69
30,10	6,80
30,13	6,92
30,15	7,07
30,18	7,19
30,20	7,35
30,23	7,47
30,25	7,64
30,28	7,79
30,30	7,94
30,32	8,09
30,35	8,22
30,37	8,33
30,40	8,48
30,42	8,62
30,45	8,76
30,47	8,92
30,50	9,07
30,52	9,25
30,54	9,42
30,57	9,60
30,59	9,76
30,62	9,93
30,64	10,12
30,67	10,26
30,69	10,42
30,72	10,62
30,74	10,78
30,76	10,91
30,79	11,08
30,81	11,20
30,84	11,41
30,86	11,59
30,89	11,79
30,91	11,96
30,94	12,17
30,96	12,35
30,98	12,58
31,01	12,73
31,03	12,92
31,06	13,07
31,08	13,27
31,11	13,42
31,13	13,63
31,15	13,79
31,18	14,00
31,20	14,16
31,23	14,36
31,25	14,54
31,28	14,74
31,30	14,91
31,33	15,11
31,35	15,26
31,37	15,44
31,40	15,60
31,42	15,73
31,45	15,91
31,47	16,05
31,50	16,15
31,52	16,30
31,55	16,39
31,57	16,47
31,59	16,64
31,62	16,70
31,64	16,77
31,67	16,86
31,69	16,91
31,72	16,99
31,74	17,09
31,77	17,07
31,79	17,11
31,81	17,17
31,84	17,20
31,86	17,18
31,89	17,20
31,91	17,17
31,94	17,20
31,96	17,16
31,99	17,16
32,01	17,09
32,03	17,06
32,06	17,01
32,08	16,96
32,11	16,84
32,13	16,81
32,16	16,66
32,18	16,61
32,20	16,50
32,23	16,40
32,25	16,22
32,28	16,13
32,30	15,94
32,33	15,80
32,35	15,58
32,38	15,41
32,40	15,18
32,42	15,03
32,45	14,84
32,47	14,68
32,50	14,48
32,52	14,30
32,55	14,06
32,57	13,85
32,60	13,61
32,62	13,36
32,64	13,10
32,67	12,82
32,69	12,55
32,72	12,31
32,74	12,08
32,77	11,85
32,79	11,62
32,82	11,40
32,84	11,21
32,86	10,99
32,89	10,79
32,91	10,57
32,94	10,35
32,96	10,07
32,99	9,83
33,01	9,55
33,04	9,33
33,06	9,08
33,08	8,86
33,11	8,64
33,13	8,48
33,16	8,29
33,18	8,19
33,21	8,00
33,23	7,89
33,26	7,73
33,28	7,57
33,30	7,42
33,33	7,31
33,35	7,12
33,38	7,02
33,40	6,83
33,43	6,68
33,45	6,58
33,47	6,47
33,50	6,33
33,52	6,28
33,55	6,15
33,57	6,12
33,60	6,03
33,62	5,96
33,65	5,86
33,67	5,80
33,69	5,70
33,72	5,70
33,74	5,59
33,77	5,57
33,79	5,52
33,82	5,50
33,84	5,46
33,87	5,45
33,89	5,38
33,91	5,39
33,94	5,38
33,96	5,40
33,99	5,39
34,01	5,42
34,04	5,43
34,06	5,48
34,09	5,51
34,11	5,55
34,13	5,58
34,16	5,62
34,18	5,67
34,21	5,72
34,23	5,76
34,26	5,84
34,28	5,89
34,31	5,98
34,33	6,05
34,35	6,13
34,38	6,23
34,40	6,32
34,43	6,41
34,45	6,50
34,48	6,59
34,50	6,69
34,52	6,77
34,55	6,87
34,57	6,97
34,60	7,07
34,62	7,18
34,65	7,31
34,67	7,44
34,70	7,59
34,72	7,74
34,74	7,90
34,77	8,08
34,79	8,24
34,82	8,39
34,84	8,55
34,87	8,70
34,89	8,84
34,92	9,02
34,94	9,14
34,96	9,30
34,99	9,47
35,01	9,68
35,04	9,88
35,06	10,08
35,09	10,23
35,11	10,45
35,14	10,63
35,16	10,82
35,18	10,95
35,21	11,09
35,23	11,25
35,26	11,44
35,28	11,60
35,31	11,80
35,33	11,97
35,36	12,20
35,38	12,44
35,40	12,68
35,43	12,90
35,45	13,14
35,48	13,37
35,50	13,61
35,53	13,83
35,55	14,03
35,57	14,21
35,60	14,40
35,62	14,60
35,65	14,81
35,67	15,03
35,70	15,23
35,72	15,47
35,75	15,72
35,77	15,99
35,79	16,26
35,82	16,49
35,84	16,74
35,87	16,98
35,89	17,22
35,92	17,43
35,94	17,65
35,97	17,83
35,99	18,06
36,01	18,27
36,04	18,52
36,06	18,74
36,09	19,02
36,11	19,24
36,14	19,51
36,16	19,75
36,19	20,02
36,21	20,25
36,23	20,49
36,26	20,69
36,28	20,91
36,31	21,11
36,33	21,31
36,36	21,47
36,38	21,66
36,41	21,86
36,43	22,06
36,45	22,23
36,48	22,39
36,50	22,59
36,53	22,74
36,55	22,84
36,58	22,96
36,60	23,03
36,62	23,07
36,65	23,17
36,67	23,18
36,70	23,25
36,72	23,35
36,75	23,38
36,77	23,43
36,80	23,50
36,82	23,48
36,84	23,52
36,87	23,52
36,89	23,50
36,92	23,49
36,94	23,47
36,97	23,46
36,99	23,46
37,02	23,38
37,04	23,36
37,06	23,26
37,09	23,19
37,11	23,12
37,14	23,01
37,16	22,82
37,19	22,71
37,21	22,51
37,24	22,37
37,26	22,16
37,28	22,01
37,31	21,78
37,33	21,62
37,36	21,39
37,38	21,20
37,41	20,95
37,43	20,74
37,46	20,43
37,48	20,17
37,50	19,90
37,53	19,63
37,55	19,34
37,58	19,05
37,60	18,71
37,63	18,45
37,65	18,20
37,68	17,92
37,70	17,64
37,72	17,33
37,75	17,05
37,77	16,77
37,80	16,47
37,82	16,14
37,85	15,85
37,87	15,51
37,89	15,23
37,92	14,91
37,94	14,63
37,97	14,30
37,99	14,05
38,02	13,74
38,04	13,50
38,07	13,20
38,09	12,97
38,11	12,69
38,14	12,47
38,16	12,18
38,19	11,91
38,21	11,66
38,24	11,47
38,26	11,18
38,29	11,00
38,31	10,78
38,33	10,59
38,36	10,42
38,38	10,26
38,41	10,07
38,43	9,94
38,46	9,76
38,48	9,65
38,51	9,50
38,53	9,38
38,55	9,23
38,58	9,13
38,60	9,00
38,63	8,93
38,65	8,78
38,68	8,69
38,70	8,61
38,73	8,53
38,75	8,43
38,77	8,42
38,80	8,31
38,82	8,28
38,85	8,25
38,87	8,20
38,90	8,15
38,92	8,15
38,94	8,10
38,97	8,12
38,99	8,12
39,02	8,13
39,04	8,15
39,07	8,20
39,09	8,21
39,12	8,28
39,14	8,31
39,16	8,38
39,19	8,42
39,21	8,49
39,24	8,54
39,26	8,64
39,29	8,70
39,31	8,83
39,34	8,90
39,36	9,03
39,38	9,11
39,41	9,24
39,43	9,34
39,46	9,46
39,48	9,52
39,51	9,67
39,53	9,76
39,56	9,89
39,58	10,01
39,60	10,17
39,63	10,35
39,65	10,54
39,68	10,70
39,70	10,89
39,73	11,05
39,75	11,21
39,78	11,40
39,80	11,54
39,82	11,73
39,85	11,91
39,87	12,09
39,90	12,32
39,92	12,57
39,95	12,72
39,97	12,95
39,99	13,14
40,02	13,34
40,04	13,61
40,07	13,82
40,09	14,00
40,12	14,24
40,14	14,46
40,17	14,74
40,19	14,96
40,21	15,16
40,24	15,40
40,26	15,64
40,29	15,87
40,31	16,13
40,34	16,35
40,36	16,61
40,39	16,88
40,41	17,16
40,43	17,41
40,46	17,67
40,48	17,92
40,51	18,18
40,53	18,43
40,56	18,69
40,58	18,94
40,61	19,25
40,63	19,53
40,65	19,84
40,68	20,12
40,70	20,48
40,73	20,78
40,75	21,09
40,78	21,35
40,80	21,64
40,83	21,91
40,85	22,22
40,87	22,41
40,90	22,71
40,92	22,97
40,95	23,31
40,97	23,60
41,00	23,92
41,02	24,20
41,05	24,55
41,07	24,83
41,09	25,15
41,12	25,37
41,14	25,65
41,17	25,90
41,19	26,15
41,22	26,38
41,24	26,65
41,26	26,88
41,29	27,15
41,31	27,40
41,34	27,63
41,36	27,86
41,39	28,09
41,41	28,28
41,44	28,48
41,46	28,65
41,48	28,84
41,51	29,02
41,53	29,14
41,56	29,33
41,58	29,44
41,61	29,57
41,63	29,75
41,66	29,85
41,68	29,92
41,70	30,05
41,73	30,09
41,75	30,20
41,78	30,25
41,80	30,29
41,83	30,31
41,85	30,35
41,88	30,39
41,90	30,45
41,92	30,41
41,95	30,46
41,97	30,45
42,00	30,41
42,02	30,39
42,05	30,35
42,07	30,22
42,10	30,18
42,12	30,05
42,14	29,90
42,17	29,83
42,19	29,70
42,22	29,54
42,24	29,42
42,27	29,24
42,29	29,09
42,31	28,92
42,34	28,69
42,36	28,45
42,39	28,22
42,41	27,96
42,44	27,69
42,46	27,37
42,49	27,06
42,51	26,80
42,53	26,52
42,56	26,27
42,58	26,01
42,61	25,75
42,63	25,49
42,66	25,24
42,68	24,89
42,71	24,59
42,73	24,22
42,75	23,87
42,78	23,47
42,80	23,14
42,83	22,78
42,85	22,45
42,88	22,12
42,90	21,84
42,93	21,52
42,95	21,27
42,97	20,97
43,00	20,68
43,02	20,36
43,05	20,03
43,07	19,69
43,10	19,41
43,12	19,05
43,15	18,76
43,17	18,44
43,19	18,16
43,22	17,89
43,24	17,61
43,27	17,32
43,29	17,13
43,32	16,81
43,34	16,61
43,36	16,38
43,39	16,18
43,41	15,94
43,44	15,76
43,46	15,48
43,49	15,31
43,51	15,05
43,54	14,89
43,56	14,64
43,58	14,49
43,61	14,31
43,63	14,18
43,66	13,99
43,68	13,93
43,71	13,75
43,73	13,65
43,76	13,53
43,78	13,41
43,80	13,28
43,83	13,27
43,85	13,13
43,88	13,09
43,90	13,02
43,93	12,95
43,95	12,89
43,98	12,89
44,00	12,82
44,02	12,82
44,05	12,79
44,07	12,80
44,10	12,83
44,12	12,86
44,15	12,87
44,17	12,94
44,20	12,97
44,22	13,06
44,24	13,10
44,27	13,15
44,29	13,21
44,32	13,29
44,34	13,34
44,37	13,44
44,39	13,50
44,41	13,62
44,44	13,76
44,46	13,89
44,49	14,01
44,51	14,15
44,54	14,30
44,56	14,50
44,59	14,64
44,61	14,77
44,63	14,91
44,66	15,06
44,68	15,24
44,71	15,38
44,73	15,57
44,76	15,77
44,78	15,98
44,81	16,20
44,83	16,49
44,85	16,70
44,88	16,98
44,90	17,21
44,93	17,47
44,95	17,71
44,98	17,96
45,00	18,14
45,03	18,38
45,05	18,60
45,07	18,84
45,10	19,07
45,12	19,34
45,15	19,60
45,17	19,87
45,20	20,15
45,22	20,48
45,25	20,77
45,27	21,06
45,29	21,41
45,32	21,66
45,34	21,93
45,37	22,24
45,39	22,45
45,42	22,74
45,44	23,01
45,47	23,28
45,49	23,64
45,51	23,99
45,54	24,31
45,56	24,71
45,59	25,08
45,61	25,47
45,64	25,83
45,66	26,14
45,68	26,45
45,71	26,78
45,73	27,07
45,76	27,40
45,78	27,68
45,81	28,00
45,83	28,37
45,86	28,76
45,88	29,12
45,90	29,52
45,93	29,88
45,95	30,29
45,98	30,66
46,00	30,99
46,03	31,31
46,05	31,63
46,08	31,94
46,10	32,28
46,12	32,59
46,15	32,89
46,17	33,24
46,20	33,59
46,22	33,94
46,25	34,26
46,27	34,55
46,30	34,85
46,32	35,17
46,34	35,45
46,37	35,70
46,39	35,98
46,42	36,23
46,44	36,50
46,47	36,78
46,49	36,99
46,52	37,22
46,54	37,52
46,56	37,75
46,59	37,94
46,61	38,11
46,64	38,32
46,66	38,52
46,69	38,72
46,71	38,84
46,73	38,97
46,76	39,15
46,78	39,34
46,81	39,47
46,83	39,58
46,86	39,73
46,88	39,86
46,91	39,96
46,93	40,06
46,95	40,15
46,98	40,15
47,00	40,23
47,03	40,24
47,05	40,26
47,08	40,30
47,10	40,30
47,13	40,23
47,15	40,25
47,17	40,18
47,20	40,13
47,22	40,05
47,25	39,95
47,27	39,81
47,30	39,70
47,32	39,53
47,35	39,41
47,37	39,23
47,39	39,07
47,42	38,92
47,44	38,75
47,47	38,58
47,49	38,42
47,52	38,19
47,54	37,97
47,57	37,75
47,59	37,49
47,61	37,25
47,64	36,96
47,66	36,68
47,69	36,40
47,71	36,12
47,74	35,79
47,76	35,53
47,78	35,24
47,81	34,98
47,83	34,69
47,86	34,41
47,88	34,09
47,91	33,81
47,93	33,45
47,96	33,13
47,98	32,75
48,00	32,40
48,03	32,04
48,05	31,72
48,08	31,34
48,10	31,08
48,13	30,74
48,15	30,48
48,18	30,17
48,20	29,89
48,22	29,60
48,25	29,35
48,27	28,97
48,30	28,69
48,32	28,33
48,35	28,05
48,37	27,70
48,40	27,40
48,42	27,07
48,44	26,86
48,47	26,54
48,49	26,35
48,52	26,11
48,54	25,90
48,57	25,65
48,59	25,50
48,62	25,23
48,64	25,06
48,66	24,81
48,69	24,60
48,71	24,36
48,74	24,21
48,76	24,00
48,79	23,84
48,81	23,67
48,84	23,56
48,86	23,43
48,88	23,38
48,91	23,22
48,93	23,16
48,96	23,08
48,98	23,01
49,01	22,93
49,03	22,87
49,05	22,79
49,08	22,82
49,10	22,75
49,13	22,75
49,15	22,71
49,18	22,70
49,20	22,68
49,23	22,73
49,25	22,72
49,27	22,79
49,30	22,81
49,32	22,92
49,35	23,01
49,37	23,11
49,40	23,17
49,42	23,32
49,45	23,40
49,47	23,54
49,49	23,64
49,52	23,77
49,54	23,87
49,57	24,01
49,59	24,11
49,62	24,27
49,64	24,41
49,67	24,61
49,69	24,80
49,71	25,02
49,74	25,26
49,76	25,52
49,79	25,77
49,81	26,05
49,84	26,29
49,86	26,51
49,89	26,74
49,91	26,99
49,93	27,24
49,96	27,48
49,98	27,78
50,01	28,08
50,03	28,37
50,06	28,75
50,08	29,10
50,10	29,41
50,13	29,79
50,15	30,14
50,18	30,49
50,20	30,85
50,23	31,17
50,25	31,52
50,28	31,88
50,30	32,22
50,32	32,60
50,35	32,99
50,37	33,38
50,40	33,83
50,42	34,23
50,45	34,69
50,47	35,14
50,50	35,57
50,52	36,05
50,54	36,52
50,57	36,92
50,59	37,37
50,62	37,80
50,64	38,21
50,67	38,65
50,69	39,11
50,72	39,64
50,74	40,18
50,76	40,71
50,79	41,26
50,81	41,91
50,84	42,49
50,86	43,09
50,89	43,58
50,91	44,11
50,94	44,65
50,96	45,23
50,98	45,74
51,01	46,34
51,03	46,86
51,06	47,53
51,08	48,17
51,11	48,72
51,13	49,15
51,15	49,52
51,18	49,74
51,20	49,94
51,23	50,00
51,25	50,00
51,28	50,00
51,30	50,00
51,33	50,00
51,35	50,00
51,37	50,00
51,40	50,00
51,42	50,00
51,45	50,00
51,47	50,00
51,50	50,00
51,52	50,00
51,55	50,00
51,57	50,00
51,59	50,00
51,62	50,00
51,64	50,00
51,67	50,00
51,69	50,00
51,72	50,00
51,74	50,00
51,77	50,00
51,79	50,00
51,81	50,00
51,84	50,00
51,86	50,00
51,89	50,00
51,91	50,00
51,94	50,00
51,96	50,00
51,99	50,00
52,01	50,00
52,03	50,00
52,06	50,00
52,08	50,00
52,11	50,00
52,13	50,00
52,16	50,00
52,18	50,00
52,20	50,00
52,23	50,00
52,25	50,00
52,28	50,00
52,30	50,00
52,33	50,00
52,35	50,00
52,38	50,00
52,40	50,00
52,42	50,00
52,45	50,00
52,47	50,00
52,50	50,00
52,52	50,00
52,55	50,00
52,57	50,00
52,60	50,00
52,62	50,00
52,64	50,00
52,67	50,00
52,69	50,00
52,72	50,00
52,74	50,00
52,77	50,00
52,79	50,00
52,82	50,00
52,84	50,00
52,86	50,00
52,89	50,00
52,91	50,00
52,94	50,00
52,96	50,00
52,99	50,00
53,01	50,00
53,04	50,00
53,06	50,00
53,08	50,00
53,11	50,00
53,13	50,00
53,16	50,00
53,18	50,00
53,21	50,00
53,23	50,00
53,26	50,00
53,28	50,00
53,30	50,00
53,33	50,00
53,35	50,00
53,38	50,00
53,40	50,00
53,43	50,00
53,45	50,00
53,47	50,00
53,50	50,00
53,52	50,00
53,55	50,00
53,57	50,00
53,60	50,00
53,62	50,00
53,65	50,00
53,67	50,00
53,69	50,00
53,72	50,00
53,74	50,00
53,77	50,00
53,79	50,00
53,82	50,00
53,84	50,00
53,87	50,00
53,89	50,00
53,91	50,00
53,94	50,00
53,96	50,00
53,99	50,00
54,01	50,00
54,04	50,00
54,06	50,00
54,09	50,00
54,11	50,00
54,13	50,00
54,16	50,00
54,18	50,00
54,21	50,00
54,23	50,00
54,26	50,00
54,28	50,00
54,31	50,00
54,33	50,00
54,35	50,00
54,38	50,00
54,40	50,00
54,43	50,00
54,45	50,00
54,48	50,00
54,50	50,00
54,52	50,00
54,55	50,00
54,57	50,00
54,60	50,00
54,62	50,00
54,65	50,00
54,67	50,00
54,70	50,00
54,72	50,00
54,74	50,00
54,77	50,00
54,79	50,00
54,82	50,00
54,84	50,00
54,87	50,00
54,89	50,00
54,92	50,00
54,94	50,00
54,96	50,00
54,99	50,00
55,01	50,00
55,04	50,00
55,06	50,00
55,09	50,00
55,11	50,00
55,14	50,00
55,16	50,00
55,18	50,00
55,21	50,00
55,23	50,00
55,26	50,00
55,28	50,00
55,31	50,00
55,33	50,00
55,36	50,00
55,38	50,00
55,40	50,00
55,43	50,00
55,45	50,00
55,48	50,00
55,50	50,00
55,53	50,00
55,55	50,00
55,57	50,00
55,60	50,00
55,62	50,00
55,65	50,00
55,67	50,00
55,70	50,00
55,72	50,00
55,75	50,00
55,77	50,00
55,79	50,00
55,82	50,00
55,84	50,00
55,87	50,00
55,89	50,00
55,92	50,00
55,94	50,00
55,97	50,00
55,99	50,00
56,01	50,00
56,04	50,00
56,06	50,00
56,09	50,00
56,11	50,00
56,14	50,00
56,16	50,00
56,19	50,00
56,21	50,00
56,23	50,00
56,26	50,00
56,28	50,00
56,31	50,00
56,33	50,00
56,36	50,00
56,38	50,00
56,41	50,00
56,43	50,00
56,45	50,00
56,48	50,00
56,50	50,00
56,53	50,00
56,55	50,00
56,58	50,00
56,60	50,00
56,62	50,00
56,65	50,00
56,67	50,00
56,70	50,00
56,72	50,00
56,75	50,00
56,77	50,00
56,80	50,00
56,82	50,00
56,84	50,00
56,87	50,00
56,89	50,00
56,92	50,00
56,94	50,00
56,97	50,00
56,99	50,00
57,02	50,00
57,04	50,00
57,06	50,00
57,09	50,00
57,11	50,00
57,14	50,00
57,16	50,00
57,19	50,00
57,21	50,00
57,24	50,00
57,26	50,00
57,28	50,00
57,31	50,00
57,33	50,00
57,36	50,00
57,38	50,00
57,41	50,00
57,43	50,00
57,46	50,00
57,48	50,00
57,50	50,00
57,53	50,00
57,55	50,00
57,58	50,00
57,60	50,00
57,63	50,00
57,65	50,00
57,68	50,00
57,70	50,00
57,72	50,00
57,75	50,00
57,77	50,00
57,80	50,00
57,82	50,00
57,85	50,00
57,87	50,00
57,89	50,00
57,92	50,00
57,94	50,00
57,97	50,00
57,99	50,00
58,02	50,00
58,04	50,00
58,07	50,00
58,09	50,00
58,11	50,00
58,14	50,00
58,16	50,00
58,19	50,00
58,21	50,00
58,24	50,00
58,26	50,00
58,29	50,00
58,31	50,00
58,33	50,00
58,36	50,00
58,38	50,00
58,41	50,00
58,43	50,00
58,46	50,00
58,48	50,00
58,51	50,00
58,53	50,00
58,55	50,00
58,58	50,00
58,60	50,00
58,63	50,00
58,65	50,00
58,68	50,00
58,70	50,00
58,73	50,00
58,75	50,00
58,77	50,00
58,80	50,00
58,82	50,00
58,85	50,00
58,87	50,00
58,90	50,00
58,92	50,00
58,94	50,00
58,97	50,00
58,99	50,00
59,02	50,00
59,04	50,00
59,07	50,00
59,09	50,00
59,12	50,00
59,14	50,00
59,16	50,00
59,19	50,00
59,21	50,00
59,24	50,00
59,26	50,00
59,29	50,00
59,31	50,00
59,34	50,00
59,36	50,00
59,38	50,00
59,41	50,00
59,43	50,00
59,46	50,00
59,48	50,00
59,51	50,00
59,53	50,00
59,56	50,00
59,58	50,00
59,60	50,00
59,63	50,00
59,65	50,00
59,68	50,00
59,70	50,00
59,73	50,00
59,75	50,00
59,78	50,00
59,80	50,00
59,82	50,00
59,85	50,00
59,87	50,00
59,90	50,00
59,92	50,00
59,95	50,00
59,97	50,00
59,99	50,00
