Voltage U1	Corriente IA
U1/V	IA/nA

0,02	0,54
0,04	0,52
0,07	0,53
0,09	0,53
0,12	0,53
0,14	0,51
0,17	0,51
0,19	0,50
0,21	0,52
0,24	0,50
0,26	0,50
0,29	0,49
0,31	0,49
0,34	0,48
0,36	0,49
0,39	0,46
0,41	0,46
0,43	0,46
0,46	0,48
0,48	0,47
0,51	0,49
0,53	0,48
0,56	0,52
0,58	0,51
0,61	0,51
0,63	0,49
0,65	0,50
0,68	0,48
0,70	0,51
0,73	0,48
0,75	0,50
0,78	0,49
0,80	0,52
0,83	0,52
0,85	0,53
0,87	0,50
0,90	0,52
0,92	0,50
0,95	0,51
0,97	0,49
1,00	0,50
1,02	0,48
1,05	0,50
1,07	0,48
1,09	0,50
1,12	0,47
1,14	0,48
1,17	0,47
1,19	0,48
1,22	0,48
1,24	0,49
1,26	0,47
1,29	0,50
1,31	0,50
1,34	0,49
1,36	0,49
1,39	0,50
1,41	0,48
1,44	0,50
1,46	0,49
1,48	0,50
1,51	0,49
1,53	0,49
1,56	0,49
1,58	0,50
1,61	0,49
1,63	0,50
1,66	0,49
1,68	0,48
1,70	0,47
1,73	0,46
1,75	0,48
1,78	0,47
1,80	0,48
1,83	0,49
1,85	0,48
1,88	0,47
1,90	0,51
1,92	0,49
1,95	0,50
1,97	0,48
2,00	0,47
2,02	0,48
2,05	0,51
2,07	0,48
2,10	0,49
2,12	0,47
2,14	0,49
2,17	0,49
2,19	0,51
2,22	0,50
2,24	0,52
2,27	0,50
2,29	0,53
2,31	0,51
2,34	0,52
2,36	0,51
2,39	0,52
2,41	0,49
2,44	0,50
2,46	0,48
2,49	0,49
2,51	0,46
2,53	0,47
2,56	0,46
2,58	0,46
2,61	0,44
2,63	0,48
2,66	0,46
2,68	0,48
2,71	0,46
2,73	0,48
2,75	0,48
2,78	0,50
2,80	0,47
2,83	0,50
2,85	0,48
2,88	0,50
2,90	0,51
2,93	0,52
2,95	0,50
2,97	0,52
3,00	0,49
3,02	0,53
3,05	0,51
3,07	0,51
3,10	0,49
3,12	0,50
3,15	0,48
3,17	0,51
3,19	0,48
3,22	0,49
3,24	0,48
3,27	0,48
3,29	0,48
3,32	0,49
3,34	0,47
3,36	0,50
3,39	0,49
3,41	0,51
3,44	0,52
3,46	0,52
3,49	0,52
3,51	0,53
3,54	0,49
3,56	0,50
3,58	0,50
3,61	0,50
3,63	0,52
3,66	0,54
3,68	0,54
3,71	0,55
3,73	0,55
3,76	0,57
3,78	0,57
3,80	0,55
3,83	0,54
3,85	0,51
3,88	0,52
3,90	0,51
3,93	0,49
3,95	0,47
3,98	0,49
4,00	0,46
4,02	0,49
4,05	0,48
4,07	0,50
4,10	0,51
4,12	0,52
4,15	0,49
4,17	0,52
4,20	0,51
4,22	0,52
4,24	0,50
4,27	0,50
4,29	0,50
4,32	0,51
4,34	0,51
4,37	0,54
4,39	0,53
4,42	0,55
4,44	0,53
4,46	0,54
4,49	0,54
4,51	0,55
4,54	0,51
4,56	0,52
4,59	0,50
4,61	0,52
4,63	0,50
4,66	0,50
4,68	0,49
4,71	0,51
4,73	0,48
4,76	0,52
4,78	0,49
4,81	0,51
4,83	0,52
4,85	0,54
4,88	0,53
4,90	0,55
4,93	0,53
4,95	0,56
4,98	0,55
5,00	0,54
5,03	0,53
5,05	0,53
5,07	0,51
5,10	0,54
5,12	0,54
5,15	0,55
5,17	0,55
5,20	0,54
5,22	0,56
5,25	0,57
5,27	0,55
5,29	0,56
5,32	0,55
5,34	0,55
5,37	0,54
5,39	0,53
5,42	0,55
5,44	0,55
5,47	0,54
5,49	0,55
5,51	0,56
5,54	0,56
5,56	0,60
5,59	0,58
5,61	0,59
5,64	0,58
5,66	0,58
5,68	0,57
5,71	0,59
5,73	0,57
5,76	0,60
5,78	0,59
5,81	0,60
5,83	0,62
5,86	0,64
5,88	0,62
5,90	0,62
5,93	0,59
5,95	0,63
5,98	0,62
6,00	0,62
6,03	0,61
6,05	0,62
6,08	0,60
6,10	0,63
6,12	0,61
6,15	0,63
6,17	0,61
6,20	0,63
6,22	0,63
6,25	0,65
6,27	0,62
6,30	0,65
6,32	0,64
6,34	0,67
6,37	0,66
6,39	0,67
6,42	0,66
6,44	0,68
6,47	0,65
6,49	0,68
6,52	0,65
6,54	0,67
6,56	0,69
6,59	0,70
6,61	0,70
6,64	0,72
6,66	0,71
6,69	0,76
6,71	0,75
6,73	0,75
6,76	0,74
6,78	0,72
6,81	0,72
6,83	0,73
6,86	0,71
6,88	0,72
6,91	0,70
6,93	0,72
6,95	0,77
6,98	0,78
7,00	0,78
7,03	0,81
7,05	0,82
7,08	0,82
7,10	0,83
7,13	0,82
7,15	0,82
7,17	0,83
7,20	0,80
7,22	0,81
7,25	0,82
7,27	0,82
7,30	0,84
7,32	0,84
7,35	0,84
7,37	0,85
7,39	0,86
7,42	0,87
7,44	0,88
7,47	0,86
7,49	0,89
7,52	0,88
7,54	0,90
7,57	0,90
7,59	0,92
7,61	0,91
7,64	0,91
7,66	0,87
7,69	0,91
7,71	0,89
7,74	0,91
7,76	0,92
7,78	0,94
7,81	0,94
7,83	0,97
7,86	0,96
7,88	0,98
7,91	0,98
7,93	0,97
7,96	0,97
7,98	0,98
8,00	0,96
8,03	0,98
8,05	0,96
8,08	0,92
8,10	0,90
8,13	0,91
8,15	0,94
8,18	0,96
8,20	0,94
8,22	0,96
8,25	1,00
8,27	1,01
8,30	1,01
8,32	0,99
8,35	0,98
8,37	1,00
8,40	0,98
8,42	1,02
8,44	1,02
8,47	1,04
8,49	1,06
8,52	1,09
8,54	1,09
8,57	1,10
8,59	1,08
8,62	1,08
8,64	1,08
8,66	1,07
8,69	1,08
8,71	1,07
8,74	1,07
8,76	1,09
8,79	1,08
8,81	1,09
8,84	1,09
8,86	1,07
8,88	1,11
8,91	1,11
8,93	1,12
8,96	1,13
8,98	1,11
9,01	1,12
9,03	1,13
9,05	1,11
9,08	1,12
9,10	1,10
9,13	1,11
9,15	1,14
9,18	1,13
9,20	1,12
9,23	1,16
9,25	1,14
9,27	1,15
9,30	1,14
9,32	1,14
9,35	1,13
9,37	1,16
9,40	1,13
9,42	1,15
9,45	1,13
9,47	1,14
9,49	1,13
9,52	1,15
9,54	1,13
9,57	1,15
9,59	1,14
9,62	1,20
9,64	1,19
9,67	1,22
9,69	1,20
9,71	1,20
9,74	1,18
9,76	1,20
9,79	1,16
9,81	1,18
9,84	1,15
9,86	1,16
9,89	1,17
9,91	1,19
9,93	1,17
9,96	1,21
9,98	1,20
10,01	1,23
10,03	1,23
10,06	1,24
10,08	1,22
10,10	1,23
10,13	1,21
10,15	1,23
10,18	1,21
10,20	1,22
10,23	1,23
10,25	1,24
10,28	1,24
10,30	1,25
10,32	1,24
10,35	1,29
10,37	1,28
10,40	1,29
10,42	1,29
10,45	1,27
10,47	1,28
10,50	1,30
10,52	1,28
10,54	1,30
10,57	1,28
10,59	1,29
10,62	1,33
10,64	1,35
10,67	1,34
10,69	1,35
10,72	1,36
10,74	1,39
10,76	1,40
10,79	1,40
10,81	1,40
10,84	1,42
10,86	1,43
10,89	1,43
10,91	1,42
10,94	1,43
10,96	1,46
10,98	1,46
11,01	1,49
11,03	1,50
11,06	1,52
11,08	1,57
11,11	1,60
11,13	1,59
11,15	1,61
11,18	1,59
11,20	1,61
11,23	1,60
11,25	1,59
11,28	1,59
11,30	1,61
11,33	1,62
11,35	1,67
11,37	1,68
11,40	1,71
11,42	1,72
11,45	1,74
11,47	1,76
11,50	1,79
11,52	1,78
11,55	1,81
11,57	1,82
11,59	1,84
11,62	1,85
11,64	1,86
11,67	1,87
11,69	1,91
11,72	1,91
11,74	1,95
11,77	1,95
11,79	1,98
11,81	2,01
11,84	2,03
11,86	2,02
11,89	2,05
11,91	2,05
11,94	2,08
11,96	2,08
11,99	2,09
12,01	2,10
12,03	2,13
12,06	2,14
12,08	2,17
12,11	2,16
12,13	2,18
12,16	2,19
12,18	2,20
12,21	2,21
12,23	2,22
12,25	2,22
12,28	2,24
12,30	2,25
12,33	2,27
12,35	2,29
12,38	2,29
12,40	2,30
12,42	2,31
12,45	2,34
12,47	2,36
12,50	2,36
12,52	2,36
12,55	2,40
12,57	2,40
12,60	2,41
12,62	2,41
12,64	2,41
12,67	2,41
12,69	2,40
12,72	2,38
12,74	2,40
12,77	2,36
12,79	2,36
12,82	2,35
12,84	2,36
12,86	2,35
12,89	2,36
12,91	2,35
12,94	2,39
12,96	2,38
12,99	2,39
13,01	2,38
13,04	2,39
13,06	2,38
13,08	2,39
13,11	2,35
13,13	2,36
13,16	2,34
13,18	2,34
13,21	2,33
13,23	2,34
13,26	2,31
13,28	2,34
13,30	2,32
13,33	2,33
13,35	2,29
13,38	2,30
13,40	2,29
13,43	2,29
13,45	2,26
13,47	2,28
13,50	2,25
13,52	2,26
13,55	2,26
13,57	2,25
13,60	2,24
13,62	2,27
13,65	2,24
13,67	2,25
13,69	2,24
13,72	2,25
13,74	2,24
13,77	2,23
13,79	2,20
13,82	2,21
13,84	2,20
13,87	2,21
13,89	2,20
13,91	2,20
13,94	2,20
13,96	2,19
13,99	2,18
14,01	2,20
14,04	2,18
14,06	2,16
14,09	2,16
14,11	2,15
14,13	2,16
14,16	2,15
14,18	2,15
14,21	2,13
14,23	2,12
14,26	2,11
14,28	2,13
14,31	2,12
14,33	2,12
14,35	2,10
14,38	2,12
14,40	2,13
14,43	2,14
14,45	2,12
14,48	2,13
14,50	2,13
14,52	2,13
14,55	2,14
14,57	2,17
14,60	2,17
14,62	2,20
14,65	2,19
14,67	2,22
14,70	2,24
14,72	2,24
14,74	2,22
14,77	2,23
14,79	2,23
14,82	2,26
14,84	2,25
14,87	2,27
14,89	2,28
14,92	2,30
14,94	2,31
14,96	2,32
14,99	2,32
15,01	2,36
15,04	2,35
15,06	2,37
15,09	2,38
15,11	2,41
15,14	2,42
15,16	2,45
15,18	2,45
15,21	2,49
15,23	2,48
15,26	2,51
15,28	2,55
15,31	2,57
15,33	2,58
15,36	2,63
15,38	2,64
15,40	2,70
15,43	2,72
15,45	2,74
15,48	2,76
15,50	2,79
15,53	2,80
15,55	2,83
15,57	2,85
15,60	2,88
15,62	2,89
15,65	2,93
15,67	2,96
15,70	2,97
15,72	3,00
15,75	3,05
15,77	3,07
15,79	3,12
15,82	3,16
15,84	3,20
15,87	3,26
15,89	3,30
15,92	3,33
15,94	3,38
15,97	3,42
15,99	3,48
16,01	3,53
16,04	3,58
16,06	3,61
16,09	3,65
16,11	3,69
16,14	3,75
16,16	3,78
16,19	3,81
16,21	3,85
16,23	3,88
16,26	3,94
16,28	3,98
16,31	4,03
16,33	4,08
16,36	4,12
16,38	4,16
16,41	4,24
16,43	4,26
16,45	4,34
16,48	4,37
16,50	4,41
16,53	4,45
16,55	4,53
16,58	4,56
16,60	4,63
16,63	4,66
16,65	4,72
16,67	4,76
16,70	4,83
16,72	4,85
16,75	4,92
16,77	4,95
16,80	4,99
16,82	5,02
16,84	5,06
16,87	5,08
16,89	5,14
16,92	5,13
16,94	5,18
16,97	5,19
16,99	5,22
17,02	5,23
17,04	5,26
17,06	5,26
17,09	5,30
17,11	5,29
17,14	5,33
17,16	5,31
17,19	5,33
17,21	5,33
17,24	5,36
17,26	5,35
17,28	5,36
17,31	5,34
17,33	5,36
17,36	5,35
17,38	5,35
17,41	5,34
17,43	5,33
17,46	5,31
17,48	5,33
17,50	5,32
17,53	5,32
17,55	5,29
17,58	5,26
17,60	5,24
17,63	5,21
17,65	5,17
17,68	5,15
17,70	5,11
17,72	5,06
17,75	5,04
17,77	5,00
17,80	4,98
17,82	4,94
17,85	4,91
17,87	4,88
17,89	4,86
17,92	4,81
17,94	4,81
17,97	4,77
17,99	4,75
18,02	4,70
18,04	4,66
18,07	4,60
18,09	4,58
18,11	4,53
18,14	4,51
18,16	4,44
18,19	4,41
18,21	4,40
18,24	4,39
18,26	4,34
18,29	4,30
18,31	4,24
18,33	4,24
18,36	4,19
18,38	4,15
18,41	4,11
18,43	4,07
18,46	4,01
18,48	3,99
18,51	3,93
18,53	3,92
18,55	3,87
18,58	3,85
18,60	3,83
18,63	3,82
18,65	3,78
18,68	3,79
18,70	3,75
18,73	3,75
18,75	3,70
18,77	3,69
18,80	3,65
18,82	3,64
18,85	3,59
18,87	3,59
18,90	3,57
18,92	3,56
18,94	3,56
18,97	3,57
18,99	3,55
19,02	3,54
19,04	3,52
19,07	3,54
19,09	3,53
19,12	3,51
19,14	3,50
19,16	3,49
19,19	3,49
19,21	3,51
19,24	3,50
19,26	3,51
19,29	3,50
19,31	3,50
19,34	3,53
19,36	3,53
19,38	3,53
19,41	3,55
19,43	3,57
19,46	3,58
19,48	3,62
19,51	3,62
19,53	3,67
19,56	3,70
19,58	3,70
19,60	3,71
19,63	3,74
19,65	3,76
19,68	3,82
19,70	3,82
19,73	3,86
19,75	3,88
19,78	3,93
19,80	3,99
19,82	4,04
19,85	4,04
19,87	4,11
19,90	4,11
19,92	4,17
19,95	4,20
19,97	4,22
19,99	4,25
20,02	4,29
20,04	4,33
20,07	4,41
20,09	4,44
20,12	4,50
20,14	4,57
20,17	4,63
20,19	4,67
20,21	4,73
20,24	4,76
20,26	4,82
20,29	4,86
20,31	4,90
20,34	4,95
20,36	5,03
20,39	5,09
20,41	5,20
20,43	5,27
20,46	5,36
20,48	5,42
20,51	5,51
20,53	5,60
20,56	5,67
20,58	5,70
20,61	5,77
20,63	5,80
20,65	5,89
20,68	5,94
20,70	6,02
20,73	6,09
20,75	6,19
20,78	6,25
20,80	6,39
20,83	6,46
20,85	6,56
20,87	6,66
20,90	6,76
20,92	6,84
20,95	6,93
20,97	6,99
21,00	7,11
21,02	7,19
21,05	7,27
21,07	7,37
21,09	7,48
21,12	7,57
21,14	7,69
21,17	7,76
21,19	7,88
21,22	7,98
21,24	8,07
21,26	8,17
21,29	8,26
21,31	8,36
21,34	8,48
21,36	8,55
21,39	8,64
21,41	8,73
21,44	8,82
21,46	8,93
21,48	9,03
21,51	9,12
21,53	9,23
21,56	9,34
21,58	9,41
21,61	9,52
21,63	9,58
21,66	9,67
21,68	9,73
21,70	9,81
21,73	9,86
21,75	9,95
21,78	9,98
21,80	10,05
21,83	10,06
21,85	10,12
21,88	10,13
21,90	10,18
21,92	10,20
21,95	10,24
21,97	10,23
22,00	10,29
22,02	10,27
22,05	10,28
22,07	10,27
22,10	10,24
22,12	10,22
22,14	10,22
22,17	10,16
22,19	10,15
22,22	10,08
22,24	10,04
22,27	9,99
22,29	9,96
22,31	9,89
22,34	9,88
22,36	9,81
22,39	9,78
22,41	9,71
22,44	9,65
22,46	9,57
22,49	9,50
22,51	9,37
22,53	9,29
22,56	9,17
22,58	9,08
22,61	8,98
22,63	8,89
22,66	8,80
22,68	8,73
22,71	8,64
22,73	8,60
22,75	8,50
22,78	8,40
22,80	8,30
22,83	8,17
22,85	8,07
22,88	7,96
22,90	7,85
22,93	7,73
22,95	7,62
22,97	7,54
23,00	7,49
23,02	7,39
23,05	7,31
23,07	7,23
23,10	7,16
23,12	7,07
23,15	6,98
23,17	6,86
23,19	6,78
23,22	6,68
23,24	6,57
23,27	6,49
23,29	6,41
23,32	6,32
23,34	6,27
23,36	6,19
23,39	6,14
23,41	6,08
23,44	6,03
23,46	5,99
23,49	5,95
23,51	5,87
23,54	5,83
23,56	5,74
23,58	5,70
23,61	5,65
23,63	5,59
23,66	5,55
23,68	5,53
23,71	5,48
23,73	5,50
23,76	5,45
23,78	5,43
23,80	5,41
23,83	5,42
23,85	5,39
23,88	5,40
23,90	5,37
23,93	5,38
23,95	5,37
23,98	5,37
24,00	5,36
24,02	5,36
24,05	5,35
24,07	5,38
24,10	5,38
24,12	5,41
24,15	5,43
24,17	5,45
24,20	5,50
24,22	5,55
24,24	5,56
24,27	5,62
24,29	5,63
24,32	5,68
24,34	5,71
24,37	5,74
24,39	5,78
24,42	5,82
24,44	5,86
24,46	5,93
24,49	5,97
24,51	6,04
24,54	6,09
24,56	6,16
24,59	6,23
24,61	6,30
24,63	6,37
24,66	6,45
24,68	6,53
24,71	6,62
24,73	6,69
24,76	6,75
24,78	6,82
24,81	6,90
24,83	6,97
24,85	7,06
24,88	7,13
24,90	7,22
24,93	7,36
24,95	7,44
24,98	7,55
25,00	7,63
25,03	7,71
25,05	7,81
25,07	7,92
25,10	7,98
25,12	8,10
25,15	8,18
25,17	8,30
25,20	8,41
25,22	8,51
25,25	8,62
25,27	8,76
25,29	8,87
25,32	9,02
25,34	9,14
25,37	9,29
25,39	9,43
25,42	9,54
25,44	9,62
25,47	9,76
25,49	9,84
25,51	9,97
25,54	10,07
25,56	10,20
25,59	10,34
25,61	10,50
25,64	10,64
25,66	10,84
25,68	10,98
25,71	11,14
25,73	11,29
25,76	11,46
25,78	11,58
25,81	11,72
25,83	11,82
25,86	11,97
25,88	12,10
25,90	12,24
25,93	12,36
25,95	12,54
25,98	12,69
26,00	12,89
26,03	13,05
26,05	13,24
26,08	13,39
26,10	13,57
26,12	13,71
26,15	13,87
26,17	14,00
26,20	14,18
26,22	14,27
26,25	14,45
26,27	14,59
26,30	14,74
26,32	14,88
26,34	15,05
26,37	15,18
26,39	15,39
26,42	15,50
26,44	15,61
26,47	15,71
26,49	15,84
26,52	15,93
26,54	16,02
26,56	16,10
26,59	16,22
26,61	16,31
26,64	16,44
26,66	16,55
26,69	16,63
26,71	16,73
26,73	16,78
26,76	16,85
26,78	16,91
26,81	16,96
26,83	16,96
26,86	16,99
26,88	17,00
26,91	17,02
26,93	17,01
26,95	16,98
26,98	16,94
27,00	16,91
27,03	16,84
27,05	16,80
27,08	16,70
27,10	16,63
27,13	16,56
27,15	16,46
27,17	16,37
27,20	16,31
27,22	16,18
27,25	16,11
27,27	15,99
27,30	15,89
27,32	15,77
27,35	15,62
27,37	15,44
27,39	15,33
27,42	15,15
27,44	15,00
27,47	14,82
27,49	14,66
27,52	14,52
27,54	14,40
27,57	14,21
27,59	14,07
27,61	13,88
27,64	13,73
27,66	13,57
27,69	13,36
27,71	13,14
27,74	12,96
27,76	12,76
27,78	12,59
27,81	12,39
27,83	12,18
27,86	12,02
27,88	11,86
27,91	11,69
27,93	11,53
27,96	11,38
27,98	11,22
28,00	11,06
28,03	10,90
28,05	10,74
28,08	10,55
28,10	10,38
28,13	10,21
28,15	10,06
28,18	9,91
28,20	9,77
28,22	9,65
28,25	9,55
28,27	9,44
28,30	9,34
28,32	9,23
28,35	9,16
28,37	9,06
28,40	8,99
28,42	8,88
28,44	8,80
28,47	8,71
28,49	8,64
28,52	8,60
28,54	8,54
28,57	8,45
28,59	8,43
28,62	8,36
28,64	8,33
28,66	8,29
28,69	8,26
28,71	8,23
28,74	8,22
28,76	8,20
28,79	8,22
28,81	8,17
28,84	8,17
28,86	8,18
28,88	8,20
28,91	8,20
28,93	8,24
28,96	8,24
28,98	8,31
29,01	8,33
29,03	8,37
29,05	8,40
29,08	8,46
29,10	8,49
29,13	8,57
29,15	8,61
29,18	8,70
29,20	8,74
29,23	8,83
29,25	8,90
29,27	8,97
29,30	9,01
29,32	9,10
29,35	9,14
29,37	9,24
29,40	9,30
29,42	9,41
29,45	9,50
29,47	9,62
29,49	9,72
29,52	9,86
29,54	9,95
29,57	10,09
29,59	10,22
29,62	10,34
29,64	10,44
29,67	10,58
29,69	10,68
29,71	10,84
29,74	10,94
29,76	11,05
29,79	11,19
29,81	11,36
29,84	11,48
29,86	11,67
29,89	11,82
29,91	12,00
29,93	12,17
29,96	12,33
29,98	12,46
30,01	12,64
30,03	12,76
30,06	12,93
30,08	13,07
30,10	13,20
30,13	13,37
30,15	13,55
30,18	13,72
30,20	13,92
30,23	14,08
30,25	14,26
30,28	14,42
30,30	14,59
30,32	14,78
30,35	14,96
30,37	15,15
30,40	15,34
30,42	15,53
30,45	15,75
30,47	15,99
30,50	16,20
30,52	16,41
30,54	16,61
30,57	16,83
30,59	17,07
30,62	17,31
30,64	17,52
30,67	17,72
30,69	17,91
30,72	18,14
30,74	18,33
30,76	18,53
30,79	18,72
30,81	18,93
30,84	19,17
30,86	19,41
30,89	19,63
30,91	19,87
30,94	20,11
30,96	20,36
30,98	20,59
31,01	20,79
31,03	20,98
31,06	21,20
31,08	21,41
31,11	21,62
31,13	21,81
31,15	22,02
31,18	22,24
31,20	22,48
31,23	22,69
31,25	22,92
31,28	23,11
31,30	23,34
31,33	23,55
31,35	23,73
31,37	23,89
31,40	24,05
31,42	24,19
31,45	24,39
31,47	24,51
31,50	24,63
31,52	24,78
31,55	24,92
31,57	25,04
31,59	25,17
31,62	25,26
31,64	25,37
31,67	25,44
31,69	25,54
31,72	25,60
31,74	25,64
31,77	25,65
31,79	25,69
31,81	25,69
31,84	25,71
31,86	25,68
31,89	25,65
31,91	25,64
31,94	25,60
31,96	25,49
31,99	25,42
32,01	25,33
32,03	25,22
32,06	25,18
32,08	25,05
32,11	24,92
32,13	24,80
32,16	24,67
32,18	24,53
32,20	24,39
32,23	24,16
32,25	23,99
32,28	23,77
32,30	23,58
32,33	23,36
32,35	23,12
32,38	22,86
32,40	22,68
32,42	22,44
32,45	22,27
32,47	22,02
32,50	21,82
32,52	21,59
32,55	21,38
32,57	21,10
32,60	20,86
32,62	20,56
32,64	20,32
32,67	20,00
32,69	19,73
32,72	19,43
32,74	19,20
32,77	18,92
32,79	18,72
32,82	18,46
32,84	18,26
32,86	18,01
32,89	17,80
32,91	17,54
32,94	17,29
32,96	16,99
32,99	16,76
33,01	16,48
33,04	16,25
33,06	16,00
33,08	15,77
33,11	15,58
33,13	15,40
33,16	15,23
33,18	15,07
33,21	14,88
33,23	14,74
33,26	14,62
33,28	14,45
33,30	14,30
33,33	14,14
33,35	13,99
33,38	13,88
33,40	13,76
33,43	13,61
33,45	13,51
33,47	13,41
33,50	13,31
33,52	13,27
33,55	13,19
33,57	13,13
33,60	13,07
33,62	13,01
33,65	12,99
33,67	12,96
33,69	12,90
33,72	12,91
33,74	12,87
33,77	12,85
33,79	12,85
33,82	12,81
33,84	12,84
33,87	12,84
33,89	12,85
33,91	12,89
33,94	12,95
33,96	13,01
33,99	13,12
34,01	13,17
34,04	13,26
34,06	13,33
34,09	13,43
34,11	13,51
34,13	13,62
34,16	13,66
34,18	13,78
34,21	13,86
34,23	13,96
34,26	14,08
34,28	14,20
34,31	14,29
34,33	14,44
34,35	14,55
34,38	14,73
34,40	14,89
34,43	15,04
34,45	15,23
34,48	15,39
34,50	15,53
34,52	15,70
34,55	15,82
34,57	15,98
34,60	16,13
34,62	16,28
34,65	16,48
34,67	16,69
34,70	16,88
34,72	17,15
34,74	17,36
34,77	17,60
34,79	17,81
34,82	18,05
34,84	18,23
34,87	18,47
34,89	18,62
34,92	18,87
34,94	19,06
34,96	19,30
34,99	19,52
35,01	19,82
35,04	20,02
35,06	20,32
35,09	20,53
35,11	20,82
35,14	21,06
35,16	21,31
35,18	21,51
35,21	21,74
35,23	21,94
35,26	22,22
35,28	22,43
35,31	22,69
35,33	22,90
35,36	23,22
35,38	23,51
35,40	23,84
35,43	24,12
35,45	24,43
35,48	24,71
35,50	25,04
35,53	25,34
35,55	25,63
35,57	25,89
35,60	26,14
35,62	26,40
35,65	26,69
35,67	26,99
35,70	27,25
35,72	27,55
35,75	27,85
35,77	28,20
35,79	28,54
35,82	28,85
35,84	29,17
35,87	29,50
35,89	29,80
35,92	30,10
35,94	30,37
35,97	30,63
35,99	30,92
36,01	31,19
36,04	31,47
36,06	31,77
36,09	32,07
36,11	32,39
36,14	32,71
36,16	33,00
36,19	33,34
36,21	33,62
36,23	33,88
36,26	34,12
36,28	34,34
36,31	34,58
36,33	34,82
36,36	34,99
36,38	35,21
36,41	35,43
36,43	35,65
36,45	35,89
36,48	36,06
36,50	36,26
36,53	36,44
36,55	36,59
36,58	36,77
36,60	36,90
36,62	36,99
36,65	37,12
36,67	37,15
36,70	37,22
36,72	37,27
36,75	37,26
36,77	37,30
36,80	37,33
36,82	37,33
36,84	37,36
36,87	37,33
36,89	37,27
36,92	37,27
36,94	37,22
36,97	37,15
36,99	37,06
37,02	36,99
37,04	36,90
37,06	36,79
37,09	36,61
37,11	36,48
37,14	36,28
37,16	36,12
37,19	35,92
37,21	35,72
37,24	35,53
37,26	35,33
37,28	35,11
37,31	34,97
37,33	34,73
37,36	34,51
37,38	34,24
37,41	33,97
37,43	33,70
37,46	33,42
37,48	33,07
37,50	32,75
37,53	32,40
37,55	32,11
37,58	31,79
37,60	31,44
37,63	31,10
37,65	30,84
37,68	30,52
37,70	30,26
37,72	29,89
37,75	29,57
37,77	29,24
37,80	28,92
37,82	28,51
37,85	28,20
37,87	27,78
37,89	27,47
37,92	27,11
37,94	26,82
37,97	26,45
37,99	26,19
38,02	25,85
38,04	25,65
38,07	25,32
38,09	25,08
38,11	24,77
38,14	24,49
38,16	24,16
38,19	23,91
38,21	23,56
38,24	23,33
38,26	23,01
38,29	22,78
38,31	22,55
38,33	22,37
38,36	22,17
38,38	22,00
38,41	21,81
38,43	21,71
38,46	21,57
38,48	21,46
38,51	21,32
38,53	21,19
38,55	21,05
38,58	20,98
38,60	20,86
38,63	20,77
38,65	20,68
38,68	20,63
38,70	20,56
38,73	20,54
38,75	20,47
38,77	20,52
38,80	20,50
38,82	20,51
38,85	20,50
38,87	20,49
38,90	20,52
38,92	20,59
38,94	20,59
38,97	20,64
38,99	20,69
39,02	20,77
39,04	20,88
39,07	20,95
39,09	21,02
39,12	21,12
39,14	21,23
39,16	21,35
39,19	21,48
39,21	21,60
39,24	21,76
39,26	21,91
39,29	22,06
39,31	22,26
39,34	22,44
39,36	22,62
39,38	22,80
39,41	23,00
39,43	23,17
39,46	23,36
39,48	23,53
39,51	23,74
39,53	23,94
39,56	24,16
39,58	24,38
39,60	24,61
39,63	24,84
39,65	25,09
39,68	25,33
39,70	25,61
39,73	25,83
39,75	26,06
39,78	26,31
39,80	26,57
39,82	26,82
39,85	27,09
39,87	27,34
39,90	27,65
39,92	27,97
39,95	28,30
39,97	28,62
39,99	28,92
40,02	29,22
40,04	29,54
40,07	29,82
40,09	30,10
40,12	30,41
40,14	30,66
40,17	30,97
40,19	31,27
40,21	31,60
40,24	31,96
40,26	32,34
40,29	32,68
40,31	33,08
40,34	33,44
40,36	33,82
40,39	34,18
40,41	34,57
40,43	34,85
40,46	35,18
40,48	35,49
40,51	35,84
40,53	36,17
40,56	36,52
40,58	36,84
40,61	37,30
40,63	37,71
40,65	38,13
40,68	38,52
40,70	38,92
40,73	39,31
40,75	39,72
40,78	40,06
40,80	40,38
40,83	40,73
40,85	41,11
40,87	41,46
40,90	41,83
40,92	42,20
40,95	42,58
40,97	43,06
41,00	43,47
41,02	43,87
41,05	44,28
41,07	44,62
41,09	45,01
41,12	45,35
41,14	45,62
41,17	45,92
41,19	46,19
41,22	46,48
41,24	46,80
41,26	47,07
41,29	47,40
41,31	47,71
41,34	48,03
41,36	48,36
41,39	48,65
41,41	48,93
41,44	49,21
41,46	49,43
41,48	49,63
41,51	49,78
41,53	49,89
41,56	49,96
41,58	50,00
41,61	50,00
41,63	50,00
41,66	50,00
41,68	50,00
41,70	50,00
41,73	50,00
41,75	50,00
41,78	50,00
41,80	50,00
41,83	50,00
41,85	50,00
41,88	50,00
41,90	50,00
41,92	50,00
41,95	50,00
41,97	50,00
42,00	50,00
42,02	50,00
42,05	50,00
42,07	50,00
42,10	50,00
42,12	50,00
42,14	50,00
42,17	50,00
42,19	49,98
42,22	49,96
42,24	49,92
42,27	49,82
42,29	49,68
42,31	49,53
42,34	49,31
42,36	49,09
42,39	48,81
42,41	48,52
42,44	48,20
42,46	47,91
42,49	47,56
42,51	47,31
42,53	47,01
42,56	46,75
42,58	46,43
42,61	46,19
42,63	45,88
42,66	45,59
42,68	45,19
42,71	44,84
42,73	44,43
42,75	44,04
42,78	43,61
42,80	43,22
42,83	42,78
42,85	42,41
42,88	42,00
42,90	41,65
42,93	41,29
42,95	40,96
42,97	40,57
43,00	40,23
43,02	39,84
43,05	39,48
43,07	39,03
43,10	38,67
43,12	38,22
43,15	37,87
43,17	37,46
43,19	37,11
43,22	36,73
43,24	36,46
43,27	36,12
43,29	35,88
43,32	35,56
43,34	35,32
43,36	35,03
43,39	34,76
43,41	34,46
43,44	34,23
43,46	33,93
43,49	33,70
43,51	33,46
43,54	33,29
43,56	33,11
43,58	32,97
43,61	32,78
43,63	32,67
43,66	32,53
43,68	32,42
43,71	32,33
43,73	32,24
43,76	32,11
43,78	32,05
43,80	31,98
43,83	31,94
43,85	31,89
43,88	31,84
43,90	31,79
43,93	31,79
43,95	31,76
43,98	31,80
44,00	31,80
44,02	31,83
44,05	31,87
44,07	31,93
44,10	32,01
44,12	32,12
44,15	32,20
44,17	32,35
44,20	32,47
44,22	32,60
44,24	32,75
44,27	32,89
44,29	33,01
44,32	33,16
44,34	33,28
44,37	33,44
44,39	33,64
44,41	33,82
44,44	34,03
44,46	34,25
44,49	34,48
44,51	34,75
44,54	35,00
44,56	35,25
44,59	35,54
44,61	35,77
44,63	36,03
44,66	36,29
44,68	36,56
44,71	36,82
44,73	37,10
44,76	37,38
44,78	37,70
44,81	38,04
44,83	38,38
44,85	38,71
44,88	39,07
44,90	39,46
44,93	39,81
44,95	40,13
44,98	40,47
45,00	40,82
45,03	41,15
45,05	41,51
45,07	41,85
45,10	42,21
45,12	42,63
45,15	43,04
45,17	43,47
45,20	43,92
45,22	44,32
45,25	44,75
45,27	45,18
45,29	45,65
45,32	46,04
45,34	46,40
45,37	46,78
45,39	47,16
45,42	47,57
45,44	47,99
45,47	48,41
45,49	48,84
45,51	49,21
45,54	49,52
45,56	49,76
45,59	49,91
45,61	50,00
45,64	50,00
45,66	50,00
45,68	50,00
45,71	50,00
45,73	50,00
45,76	50,00
45,78	50,00
45,81	50,00
45,83	50,00
45,86	50,00
45,88	50,00
45,90	50,00
45,93	50,00
45,95	50,00
45,98	50,00
46,00	50,00
46,03	50,00
46,05	50,00
46,08	50,00
46,10	50,00
46,12	50,00
46,15	50,00
46,17	50,00
46,20	50,00
46,22	50,00
46,25	50,00
46,27	50,00
46,30	50,00
46,32	50,00
46,34	50,00
46,37	50,00
46,39	50,00
46,42	50,00
46,44	50,00
46,47	50,00
46,49	50,00
46,52	50,00
46,54	50,00
46,56	50,00
46,59	50,00
46,61	50,00
46,64	50,00
46,66	50,00
46,69	50,00
46,71	50,00
46,73	50,00
46,76	50,00
46,78	50,00
46,81	50,00
46,83	50,00
46,86	50,00
46,88	50,00
46,91	50,00
46,93	50,00
46,95	50,00
46,98	50,00
47,00	50,00
47,03	50,00
47,05	50,00
47,08	50,00
47,10	50,00
47,13	50,00
47,15	50,00
47,17	50,00
47,20	50,00
47,22	50,00
47,25	50,00
47,27	50,00
47,30	50,00
47,32	50,00
47,35	50,00
47,37	50,00
47,39	50,00
47,42	50,00
47,44	50,00
47,47	50,00
47,49	50,00
47,52	50,00
47,54	50,00
47,57	50,00
47,59	50,00
47,61	50,00
47,64	50,00
47,66	50,00
47,69	50,00
47,71	50,00
47,74	50,00
47,76	50,00
47,78	50,00
47,81	50,00
47,83	50,00
47,86	50,00
47,88	50,00
47,91	50,00
47,93	50,00
47,96	50,00
47,98	50,00
48,00	50,00
48,03	50,00
48,05	50,00
48,08	50,00
48,10	50,00
48,13	50,00
48,15	50,00
48,18	50,00
48,20	50,00
48,22	50,00
48,25	50,00
48,27	50,00
48,30	50,00
48,32	50,00
48,35	50,00
48,37	50,00
48,40	50,00
48,42	50,00
48,44	50,00
48,47	50,00
48,49	50,00
48,52	50,00
48,54	50,00
48,57	50,00
48,59	50,00
48,62	50,00
48,64	50,00
48,66	50,00
48,69	50,00
48,71	50,00
48,74	50,00
48,76	50,00
48,79	50,00
48,81	50,00
48,84	50,00
48,86	50,00
48,88	50,00
48,91	50,00
48,93	50,00
48,96	50,00
48,98	50,00
49,01	50,00
49,03	50,00
49,05	50,00
49,08	50,00
49,10	50,00
49,13	50,00
49,15	50,00
49,18	50,00
49,20	50,00
49,23	50,00
49,25	50,00
49,27	50,00
49,30	50,00
49,32	50,00
49,35	50,00
49,37	50,00
49,40	50,00
49,42	50,00
49,45	50,00
49,47	50,00
49,49	50,00
49,52	50,00
49,54	50,00
49,57	50,00
49,59	50,00
49,62	50,00
49,64	50,00
49,67	50,00
49,69	50,00
49,71	50,00
49,74	50,00
49,76	50,00
49,79	50,00
49,81	50,00
49,84	50,00
49,86	50,00
49,89	50,00
49,91	50,00
49,93	50,00
49,96	50,00
49,98	50,00
50,01	50,00
50,03	50,00
50,06	50,00
50,08	50,00
50,10	50,00
50,13	50,00
50,15	50,00
50,18	50,00
50,20	50,00
50,23	50,00
50,25	50,00
50,28	50,00
50,30	50,00
50,32	50,00
50,35	50,00
50,37	50,00
50,40	50,00
50,42	50,00
50,45	50,00
50,47	50,00
50,50	50,00
50,52	50,00
50,54	50,00
50,57	50,00
50,59	50,00
50,62	50,00
50,64	50,00
50,67	50,00
50,69	50,00
50,72	50,00
50,74	50,00
50,76	50,00
50,79	50,00
50,81	50,00
50,84	50,00
50,86	50,00
50,89	50,00
50,91	50,00
50,94	50,00
50,96	50,00
50,98	50,00
51,01	50,00
51,03	50,00
51,06	50,00
51,08	50,00
51,11	50,00
51,13	50,00
51,15	50,00
51,18	50,00
51,20	50,00
51,23	50,00
51,25	50,00
51,28	50,00
51,30	50,00
51,33	50,00
51,35	50,00
51,37	50,00
51,40	50,00
51,42	50,00
51,45	50,00
51,47	50,00
51,50	50,00
51,52	50,00
51,55	50,00
51,57	50,00
51,59	50,00
51,62	50,00
51,64	50,00
51,67	50,00
51,69	50,00
51,72	50,00
51,74	50,00
51,77	50,00
51,79	50,00
51,81	50,00
51,84	50,00
51,86	50,00
51,89	50,00
51,91	50,00
51,94	50,00
51,96	50,00
51,99	50,00
52,01	50,00
52,03	50,00
52,06	50,00
52,08	50,00
52,11	50,00
52,13	50,00
52,16	50,00
52,18	50,00
52,20	50,00
52,23	50,00
52,25	50,00
52,28	50,00
52,30	50,00
52,33	50,00
52,35	50,00
52,38	50,00
52,40	50,00
52,42	50,00
52,45	50,00
52,47	50,00
52,50	50,00
52,52	50,00
52,55	50,00
52,57	50,00
52,60	50,00
52,62	50,00
52,64	50,00
52,67	50,00
52,69	50,00
52,72	50,00
52,74	50,00
52,77	50,00
52,79	50,00
52,82	50,00
52,84	50,00
52,86	50,00
52,89	50,00
52,91	50,00
52,94	50,00
52,96	50,00
52,99	50,00
53,01	50,00
53,04	50,00
53,06	50,00
53,08	50,00
53,11	50,00
53,13	50,00
53,16	50,00
53,18	50,00
53,21	50,00
53,23	50,00
53,26	50,00
53,28	50,00
53,30	50,00
53,33	50,00
53,35	50,00
53,38	50,00
53,40	50,00
53,43	50,00
53,45	50,00
53,47	50,00
53,50	50,00
53,52	50,00
53,55	50,00
53,57	50,00
53,60	50,00
53,62	50,00
53,65	50,00
53,67	50,00
53,69	50,00
53,72	50,00
53,74	50,00
53,77	50,00
53,79	50,00
53,82	50,00
53,84	50,00
53,87	50,00
53,89	50,00
53,91	50,00
53,94	50,00
53,96	50,00
53,99	50,00
54,01	50,00
54,04	50,00
54,06	50,00
54,09	50,00
54,11	50,00
54,13	50,00
54,16	50,00
54,18	50,00
54,21	50,00
54,23	50,00
54,26	50,00
54,28	50,00
54,31	50,00
54,33	50,00
54,35	50,00
54,38	50,00
54,40	50,00
54,43	50,00
54,45	50,00
54,48	50,00
54,50	50,00
54,52	50,00
54,55	50,00
54,57	50,00
54,60	50,00
54,62	50,00
54,65	50,00
54,67	50,00
54,70	50,00
54,72	50,00
54,74	50,00
54,77	50,00
54,79	50,00
54,82	50,00
54,84	50,00
54,87	50,00
54,89	50,00
54,92	50,00
54,94	50,00
54,96	50,00
54,99	50,00
55,01	50,00
55,04	50,00
55,06	50,00
55,09	50,00
55,11	50,00
55,14	50,00
55,16	50,00
55,18	50,00
55,21	50,00
55,23	50,00
55,26	50,00
55,28	50,00
55,31	50,00
55,33	50,00
55,36	50,00
55,38	50,00
55,40	50,00
55,43	50,00
55,45	50,00
55,48	50,00
55,50	50,00
55,53	50,00
55,55	50,00
55,57	50,00
55,60	50,00
55,62	50,00
55,65	50,00
55,67	50,00
55,70	50,00
55,72	50,00
55,75	50,00
55,77	50,00
55,79	50,00
55,82	50,00
55,84	50,00
55,87	50,00
55,89	50,00
55,92	50,00
55,94	50,00
55,97	50,00
55,99	50,00
56,01	50,00
56,04	50,00
56,06	50,00
56,09	50,00
56,11	50,00
56,14	50,00
56,16	50,00
56,19	50,00
56,21	50,00
56,23	50,00
56,26	50,00
56,28	50,00
56,31	50,00
56,33	50,00
56,36	50,00
56,38	50,00
56,41	50,00
56,43	50,00
56,45	50,00
56,48	50,00
56,50	50,00
56,53	50,00
56,55	50,00
56,58	50,00
56,60	50,00
56,62	50,00
56,65	50,00
56,67	50,00
56,70	50,00
56,72	50,00
56,75	50,00
56,77	50,00
56,80	50,00
56,82	50,00
56,84	50,00
56,87	50,00
56,89	50,00
56,92	50,00
56,94	50,00
56,97	50,00
56,99	50,00
57,02	50,00
57,04	50,00
57,06	50,00
57,09	50,00
57,11	50,00
57,14	50,00
57,16	50,00
57,19	50,00
57,21	50,00
57,24	50,00
57,26	50,00
57,28	50,00
57,31	50,00
57,33	50,00
57,36	50,00
57,38	50,00
57,41	50,00
57,43	50,00
57,46	50,00
57,48	50,00
57,50	50,00
57,53	50,00
57,55	50,00
57,58	50,00
57,60	50,00
57,63	50,00
57,65	50,00
57,68	50,00
57,70	50,00
57,72	50,00
57,75	50,00
57,77	50,00
57,80	50,00
57,82	50,00
57,85	50,00
57,87	50,00
57,89	50,00
57,92	50,00
57,94	50,00
57,97	50,00
57,99	50,00
58,02	50,00
58,04	50,00
58,07	50,00
58,09	50,00
58,11	50,00
58,14	50,00
58,16	50,00
58,19	50,00
58,21	50,00
58,24	50,00
58,26	50,00
58,29	50,00
58,31	50,00
58,33	50,00
58,36	50,00
58,38	50,00
58,41	50,00
58,43	50,00
58,46	50,00
58,48	50,00
58,51	50,00
58,53	50,00
58,55	50,00
58,58	50,00
58,60	50,00
58,63	50,00
58,65	50,00
58,68	50,00
58,70	50,00
58,73	50,00
58,75	50,00
58,77	50,00
58,80	50,00
58,82	50,00
58,85	50,00
58,87	50,00
58,90	50,00
58,92	50,00
58,94	50,00
58,97	50,00
58,99	50,00
59,02	50,00
59,04	50,00
59,07	50,00
59,09	50,00
59,12	50,00
59,14	50,00
59,16	50,00
59,19	50,00
59,21	50,00
59,24	50,00
59,26	50,00
59,29	50,00
59,31	50,00
59,34	50,00
59,36	50,00
59,38	50,00
59,41	50,00
59,43	50,00
59,46	50,00
59,48	50,00
59,51	50,00
59,53	50,00
59,56	50,00
59,58	50,00
59,60	50,00
59,63	50,00
59,65	50,00
59,68	50,00
59,70	50,00
59,73	50,00
59,75	50,00
59,78	50,00
59,80	50,00
59,82	50,00
59,85	50,00
59,87	50,00
59,90	50,00
59,92	50,00
59,95	50,00
59,97	50,00
59,99	50,00
