Voltage U1	Corriente IA
U1/V	IA/nA

0,02	0,45
0,04	0,46
0,07	0,46
0,09	0,46
0,12	0,48
0,14	0,47
0,17	0,48
0,19	0,48
0,21	0,47
0,24	0,49
0,26	0,50
0,29	0,48
0,31	0,49
0,34	0,47
0,36	0,47
0,39	0,47
0,41	0,46
0,43	0,47
0,46	0,46
0,48	0,46
0,51	0,47
0,53	0,47
0,56	0,47
0,58	0,49
0,61	0,48
0,63	0,49
0,65	0,50
0,68	0,50
0,70	0,50
0,73	0,51
0,75	0,48
0,78	0,50
0,80	0,47
0,83	0,47
0,85	0,46
0,87	0,47
0,90	0,47
0,92	0,47
0,95	0,46
0,97	0,51
1,00	0,49
1,02	0,50
1,05	0,49
1,07	0,48
1,09	0,47
1,12	0,47
1,14	0,45
1,17	0,47
1,19	0,46
1,22	0,46
1,24	0,47
1,26	0,48
1,29	0,47
1,31	0,50
1,34	0,48
1,36	0,50
1,39	0,49
1,41	0,50
1,44	0,49
1,46	0,51
1,48	0,48
1,51	0,49
1,53	0,47
1,56	0,48
1,58	0,46
1,61	0,47
1,63	0,47
1,66	0,48
1,68	0,46
1,70	0,51
1,73	0,50
1,75	0,51
1,78	0,51
1,80	0,48
1,83	0,47
1,85	0,48
1,88	0,45
1,90	0,46
1,92	0,43
1,95	0,43
1,97	0,46
2,00	0,46
2,02	0,46
2,05	0,49
2,07	0,48
2,10	0,50
2,12	0,51
2,14	0,50
2,17	0,50
2,19	0,48
2,22	0,46
2,24	0,48
2,27	0,45
2,29	0,46
2,31	0,46
2,34	0,47
2,36	0,47
2,39	0,47
2,41	0,46
2,44	0,51
2,46	0,50
2,49	0,50
2,51	0,50
2,53	0,48
2,56	0,49
2,58	0,49
2,61	0,47
2,63	0,47
2,66	0,47
2,68	0,45
2,71	0,49
2,73	0,48
2,75	0,47
2,78	0,48
2,80	0,48
2,83	0,49
2,85	0,50
2,88	0,49
2,90	0,50
2,93	0,49
2,95	0,49
2,97	0,49
3,00	0,48
3,02	0,47
3,05	0,47
3,07	0,46
3,10	0,47
3,12	0,47
3,15	0,46
3,17	0,49
3,19	0,51
3,22	0,51
3,24	0,51
3,27	0,48
3,29	0,48
3,32	0,47
3,34	0,45
3,36	0,44
3,39	0,44
3,41	0,44
3,44	0,47
3,46	0,47
3,49	0,48
3,51	0,49
3,54	0,49
3,56	0,50
3,58	0,50
3,61	0,49
3,63	0,50
3,66	0,49
3,68	0,48
3,71	0,49
3,73	0,47
3,76	0,47
3,78	0,48
3,80	0,47
3,83	0,47
3,85	0,48
3,88	0,47
3,90	0,51
3,93	0,50
3,95	0,50
3,98	0,50
4,00	0,49
4,02	0,49
4,05	0,49
4,07	0,47
4,10	0,48
4,12	0,47
4,15	0,47
4,17	0,50
4,20	0,50
4,22	0,49
4,24	0,49
4,27	0,48
4,29	0,50
4,32	0,50
4,34	0,49
4,37	0,48
4,39	0,50
4,42	0,49
4,44	0,51
4,46	0,49
4,49	0,49
4,51	0,48
4,54	0,51
4,56	0,50
4,59	0,52
4,61	0,50
4,63	0,55
4,66	0,52
4,68	0,53
4,71	0,51
4,73	0,51
4,76	0,49
4,78	0,50
4,81	0,47
4,83	0,50
4,85	0,48
4,88	0,50
4,90	0,50
4,93	0,52
4,95	0,51
4,98	0,52
5,00	0,51
5,03	0,54
5,05	0,54
5,07	0,55
5,10	0,54
5,12	0,55
5,15	0,53
5,17	0,56
5,20	0,52
5,22	0,53
5,25	0,52
5,27	0,53
5,29	0,54
5,32	0,55
5,34	0,53
5,37	0,58
5,39	0,58
5,42	0,58
5,44	0,57
5,47	0,57
5,49	0,58
5,51	0,59
5,54	0,57
5,56	0,58
5,59	0,57
5,61	0,57
5,64	0,59
5,66	0,58
5,68	0,59
5,71	0,58
5,73	0,59
5,76	0,60
5,78	0,61
5,81	0,61
5,83	0,63
5,86	0,62
5,88	0,63
5,90	0,64
5,93	0,64
5,95	0,63
5,98	0,64
6,00	0,63
6,03	0,64
6,05	0,63
6,08	0,63
6,10	0,65
6,12	0,66
6,15	0,65
6,17	0,68
6,20	0,67
6,22	0,70
6,25	0,69
6,27	0,70
6,30	0,71
6,32	0,70
6,34	0,69
6,37	0,73
6,39	0,72
6,42	0,74
6,44	0,74
6,47	0,75
6,49	0,77
6,52	0,78
6,54	0,76
6,56	0,77
6,59	0,77
6,61	0,78
6,64	0,79
6,66	0,79
6,69	0,79
6,71	0,81
6,73	0,80
6,76	0,83
6,78	0,83
6,81	0,83
6,83	0,85
6,86	0,86
6,88	0,85
6,91	0,87
6,93	0,85
6,95	0,86
6,98	0,86
7,00	0,86
7,03	0,88
7,05	0,87
7,08	0,87
7,10	0,90
7,13	0,91
7,15	0,91
7,17	0,93
7,20	0,94
7,22	0,95
7,25	0,97
7,27	0,96
7,30	0,97
7,32	0,97
7,35	0,98
7,37	1,00
7,39	1,00
7,42	1,00
7,44	1,01
7,47	1,02
7,49	1,03
7,52	1,03
7,54	1,02
7,57	1,04
7,59	1,04
7,61	1,04
7,64	1,05
7,66	1,05
7,69	1,06
7,71	1,06
7,74	1,06
7,76	1,08
7,78	1,05
7,81	1,06
7,83	1,07
7,86	1,07
7,88	1,07
7,91	1,08
7,93	1,08
7,96	1,12
7,98	1,13
8,00	1,12
8,03	1,12
8,05	1,13
8,08	1,12
8,10	1,13
8,13	1,12
8,15	1,12
8,18	1,12
8,20	1,13
8,22	1,14
8,25	1,16
8,27	1,16
8,30	1,17
8,32	1,15
8,35	1,17
8,37	1,16
8,40	1,15
8,42	1,14
8,44	1,15
8,47	1,14
8,49	1,16
8,52	1,13
8,54	1,14
8,57	1,15
8,59	1,15
8,62	1,14
8,64	1,16
8,66	1,15
8,69	1,18
8,71	1,18
8,74	1,17
8,76	1,18
8,79	1,18
8,81	1,17
8,84	1,19
8,86	1,19
8,88	1,18
8,91	1,18
8,93	1,18
8,96	1,19
8,98	1,20
9,01	1,18
9,03	1,17
9,05	1,16
9,08	1,15
9,10	1,15
9,13	1,14
9,15	1,14
9,18	1,14
9,20	1,16
9,23	1,17
9,25	1,15
9,27	1,15
9,30	1,17
9,32	1,17
9,35	1,17
9,37	1,17
9,40	1,17
9,42	1,20
9,45	1,22
9,47	1,19
9,49	1,21
9,52	1,19
9,54	1,20
9,57	1,21
9,59	1,22
9,62	1,21
9,64	1,23
9,67	1,21
9,69	1,24
9,71	1,23
9,74	1,23
9,76	1,23
9,79	1,23
9,81	1,21
9,84	1,23
9,86	1,20
9,89	1,22
9,91	1,20
9,93	1,21
9,96	1,20
9,98	1,21
10,01	1,20
10,03	1,25
10,06	1,24
10,08	1,26
10,10	1,26
10,13	1,29
10,15	1,30
10,18	1,32
10,20	1,29
10,23	1,32
10,25	1,31
10,28	1,33
10,30	1,35
10,32	1,37
10,35	1,37
10,37	1,39
10,40	1,39
10,42	1,43
10,45	1,43
10,47	1,42
10,50	1,42
10,52	1,42
10,54	1,43
10,57	1,44
10,59	1,44
10,62	1,45
10,64	1,46
10,67	1,48
10,69	1,51
10,72	1,53
10,74	1,54
10,76	1,56
10,79	1,58
10,81	1,60
10,84	1,61
10,86	1,62
10,89	1,63
10,91	1,64
10,94	1,65
10,96	1,66
10,98	1,67
11,01	1,69
11,03	1,74
11,06	1,76
11,08	1,79
11,11	1,81
11,13	1,83
11,15	1,86
11,18	1,88
11,20	1,87
11,23	1,90
11,25	1,90
11,28	1,93
11,30	1,95
11,33	1,98
11,35	2,00
11,37	2,02
11,40	2,04
11,42	2,09
11,45	2,10
11,47	2,12
11,50	2,15
11,52	2,18
11,55	2,20
11,57	2,23
11,59	2,24
11,62	2,27
11,64	2,30
11,67	2,31
11,69	2,34
11,72	2,36
11,74	2,38
11,77	2,43
11,79	2,45
11,81	2,48
11,84	2,50
11,86	2,52
11,89	2,54
11,91	2,57
11,94	2,57
11,96	2,60
11,99	2,60
12,01	2,62
12,03	2,64
12,06	2,65
12,08	2,66
12,11	2,68
12,13	2,69
12,16	2,72
12,18	2,73
12,21	2,74
12,23	2,77
12,25	2,79
12,28	2,79
12,30	2,80
12,33	2,79
12,35	2,79
12,38	2,80
12,40	2,77
12,42	2,78
12,45	2,77
12,47	2,76
12,50	2,79
12,52	2,79
12,55	2,78
12,57	2,79
12,60	2,77
12,62	2,79
12,64	2,78
12,67	2,75
12,69	2,75
12,72	2,72
12,74	2,71
12,77	2,70
12,79	2,67
12,82	2,67
12,84	2,66
12,86	2,64
12,89	2,64
12,91	2,64
12,94	2,62
12,96	2,65
12,99	2,63
13,01	2,63
13,04	2,60
13,06	2,59
13,08	2,57
13,11	2,56
13,13	2,52
13,16	2,51
13,18	2,48
13,21	2,47
13,23	2,47
13,26	2,46
13,28	2,44
13,30	2,43
13,33	2,40
13,35	2,43
13,38	2,40
13,40	2,39
13,43	2,36
13,45	2,34
13,47	2,32
13,50	2,32
13,52	2,28
13,55	2,27
13,57	2,23
13,60	2,24
13,62	2,23
13,65	2,23
13,67	2,20
13,69	2,23
13,72	2,20
13,74	2,20
13,77	2,19
13,79	2,18
13,82	2,16
13,84	2,16
13,87	2,11
13,89	2,13
13,91	2,12
13,94	2,12
13,96	2,12
13,99	2,12
14,01	2,11
14,04	2,11
14,06	2,10
14,09	2,12
14,11	2,11
14,13	2,09
14,16	2,09
14,18	2,07
14,21	2,07
14,23	2,08
14,26	2,06
14,28	2,05
14,31	2,05
14,33	2,04
14,35	2,08
14,38	2,09
14,40	2,09
14,43	2,12
14,45	2,14
14,48	2,16
14,50	2,18
14,52	2,17
14,55	2,20
14,57	2,20
14,60	2,19
14,62	2,20
14,65	2,20
14,67	2,21
14,70	2,24
14,72	2,22
14,74	2,25
14,77	2,25
14,79	2,28
14,82	2,32
14,84	2,35
14,87	2,35
14,89	2,40
14,92	2,39
14,94	2,44
14,96	2,44
14,99	2,45
15,01	2,47
15,04	2,50
15,06	2,50
15,09	2,55
15,11	2,56
15,14	2,59
15,16	2,64
15,18	2,67
15,21	2,71
15,23	2,76
15,26	2,78
15,28	2,81
15,31	2,84
15,33	2,85
15,36	2,88
15,38	2,91
15,40	2,93
15,43	2,98
15,45	3,02
15,48	3,07
15,50	3,11
15,53	3,16
15,55	3,23
15,57	3,27
15,60	3,30
15,62	3,35
15,65	3,37
15,67	3,41
15,70	3,44
15,72	3,46
15,75	3,50
15,77	3,54
15,79	3,58
15,82	3,65
15,84	3,69
15,87	3,75
15,89	3,83
15,92	3,88
15,94	3,95
15,97	4,01
15,99	4,07
16,01	4,11
16,04	4,17
16,06	4,19
16,09	4,25
16,11	4,28
16,14	4,32
16,16	4,37
16,19	4,44
16,21	4,50
16,23	4,57
16,26	4,62
16,28	4,73
16,31	4,79
16,33	4,86
16,36	4,91
16,38	4,95
16,41	5,01
16,43	5,07
16,45	5,11
16,48	5,16
16,50	5,21
16,53	5,27
16,55	5,36
16,58	5,42
16,60	5,48
16,63	5,56
16,65	5,62
16,67	5,68
16,70	5,73
16,72	5,76
16,75	5,80
16,77	5,85
16,80	5,87
16,82	5,92
16,84	5,94
16,87	5,98
16,89	6,03
16,92	6,05
16,94	6,07
16,97	6,10
16,99	6,11
17,02	6,17
17,04	6,17
17,06	6,18
17,09	6,19
17,11	6,17
17,14	6,16
17,16	6,15
17,19	6,11
17,21	6,10
17,24	6,06
17,26	6,04
17,28	6,04
17,31	6,01
17,33	5,97
17,36	5,95
17,38	5,90
17,41	5,89
17,43	5,84
17,46	5,81
17,48	5,77
17,50	5,74
17,53	5,69
17,55	5,66
17,58	5,59
17,60	5,55
17,63	5,48
17,65	5,43
17,68	5,37
17,70	5,32
17,72	5,24
17,75	5,23
17,77	5,17
17,80	5,11
17,82	5,05
17,85	4,95
17,87	4,90
17,89	4,84
17,92	4,74
17,94	4,67
17,97	4,59
17,99	4,52
18,02	4,50
18,04	4,44
18,07	4,39
18,09	4,32
18,11	4,28
18,14	4,22
18,16	4,20
18,19	4,12
18,21	4,09
18,24	4,01
18,26	3,97
18,29	3,90
18,31	3,86
18,33	3,78
18,36	3,75
18,38	3,68
18,41	3,66
18,43	3,60
18,46	3,58
18,48	3,56
18,51	3,53
18,53	3,48
18,55	3,48
18,58	3,42
18,60	3,41
18,63	3,36
18,65	3,33
18,68	3,30
18,70	3,28
18,73	3,24
18,75	3,25
18,77	3,21
18,80	3,22
18,82	3,20
18,85	3,19
18,87	3,19
18,90	3,19
18,92	3,15
18,94	3,16
18,97	3,13
18,99	3,14
19,02	3,14
19,04	3,13
19,07	3,12
19,09	3,14
19,12	3,15
19,14	3,17
19,16	3,18
19,19	3,17
19,21	3,20
19,24	3,21
19,26	3,22
19,29	3,25
19,31	3,26
19,34	3,28
19,36	3,31
19,38	3,33
19,41	3,37
19,43	3,38
19,46	3,41
19,48	3,44
19,51	3,48
19,53	3,51
19,56	3,54
19,58	3,57
19,60	3,63
19,63	3,66
19,65	3,69
19,68	3,74
19,70	3,80
19,73	3,84
19,75	3,91
19,78	3,93
19,80	3,98
19,82	4,04
19,85	4,07
19,87	4,11
19,90	4,16
19,92	4,19
19,95	4,26
19,97	4,30
19,99	4,35
20,02	4,42
20,04	4,49
20,07	4,56
20,09	4,63
20,12	4,70
20,14	4,77
20,17	4,83
20,19	4,90
20,21	4,96
20,24	5,01
20,26	5,08
20,29	5,16
20,31	5,21
20,34	5,30
20,36	5,36
20,39	5,44
20,41	5,52
20,43	5,61
20,46	5,68
20,48	5,78
20,51	5,84
20,53	5,92
20,56	6,00
20,58	6,07
20,61	6,14
20,63	6,21
20,65	6,27
20,68	6,38
20,70	6,46
20,73	6,54
20,75	6,64
20,78	6,73
20,80	6,84
20,83	6,94
20,85	7,03
20,87	7,14
20,90	7,20
20,92	7,28
20,95	7,39
20,97	7,47
21,00	7,56
21,02	7,64
21,05	7,72
21,07	7,85
21,09	7,96
21,12	8,05
21,14	8,16
21,17	8,26
21,19	8,38
21,22	8,50
21,24	8,59
21,26	8,67
21,29	8,77
21,31	8,86
21,34	8,97
21,36	9,07
21,39	9,14
21,41	9,25
21,44	9,36
21,46	9,46
21,48	9,57
21,51	9,65
21,53	9,74
21,56	9,84
21,58	9,92
21,61	10,00
21,63	10,05
21,66	10,10
21,68	10,18
21,70	10,22
21,73	10,29
21,75	10,35
21,78	10,40
21,80	10,46
21,83	10,51
21,85	10,52
21,88	10,56
21,90	10,55
21,92	10,56
21,95	10,58
21,97	10,59
22,00	10,56
22,02	10,56
22,05	10,52
22,07	10,51
22,10	10,47
22,12	10,41
22,14	10,35
22,17	10,30
22,19	10,23
22,22	10,16
22,24	10,07
22,27	9,98
22,29	9,90
22,31	9,82
22,34	9,72
22,36	9,62
22,39	9,50
22,41	9,42
22,44	9,31
22,46	9,20
22,49	9,07
22,51	8,96
22,53	8,86
22,56	8,75
22,58	8,59
22,61	8,48
22,63	8,37
22,66	8,25
22,68	8,15
22,71	8,02
22,73	7,90
22,75	7,79
22,78	7,65
22,80	7,53
22,83	7,39
22,85	7,24
22,88	7,10
22,90	6,95
22,93	6,83
22,95	6,72
22,97	6,60
23,00	6,49
23,02	6,38
23,05	6,27
23,07	6,20
23,10	6,08
23,12	5,99
23,15	5,89
23,17	5,79
23,19	5,68
23,22	5,61
23,24	5,51
23,27	5,45
23,29	5,35
23,32	5,27
23,34	5,21
23,36	5,17
23,39	5,09
23,41	5,07
23,44	4,99
23,46	4,96
23,49	4,90
23,51	4,87
23,54	4,82
23,56	4,79
23,58	4,71
23,61	4,71
23,63	4,65
23,66	4,64
23,68	4,59
23,71	4,58
23,73	4,56
23,76	4,56
23,78	4,53
23,80	4,56
23,83	4,53
23,85	4,54
23,88	4,56
23,90	4,58
23,93	4,58
23,95	4,60
23,98	4,60
24,00	4,64
24,02	4,65
24,05	4,66
24,07	4,69
24,10	4,72
24,12	4,74
24,15	4,80
24,17	4,82
24,20	4,88
24,22	4,93
24,24	4,96
24,27	5,01
24,29	5,07
24,32	5,11
24,34	5,17
24,37	5,21
24,39	5,25
24,42	5,31
24,44	5,36
24,46	5,43
24,49	5,49
24,51	5,55
24,54	5,62
24,56	5,69
24,59	5,76
24,61	5,87
24,63	5,94
24,66	6,02
24,68	6,11
24,71	6,20
24,73	6,29
24,76	6,39
24,78	6,43
24,81	6,52
24,83	6,59
24,85	6,67
24,88	6,78
24,90	6,87
24,93	6,96
24,95	7,07
24,98	7,17
25,00	7,29
25,03	7,40
25,05	7,47
25,07	7,57
25,10	7,65
25,12	7,75
25,15	7,84
25,17	7,92
25,20	8,02
25,22	8,11
25,25	8,22
25,27	8,36
25,29	8,46
25,32	8,57
25,34	8,71
25,37	8,84
25,39	8,98
25,42	9,08
25,44	9,18
25,47	9,30
25,49	9,44
25,51	9,53
25,54	9,64
25,56	9,74
25,59	9,88
25,61	10,04
25,64	10,17
25,66	10,29
25,68	10,44
25,71	10,56
25,73	10,72
25,76	10,86
25,78	10,96
25,81	11,08
25,83	11,19
25,86	11,32
25,88	11,45
25,90	11,56
25,93	11,69
25,95	11,82
25,98	11,97
26,00	12,14
26,03	12,28
26,05	12,43
26,08	12,60
26,10	12,76
26,12	12,88
26,15	13,02
26,17	13,13
26,20	13,26
26,22	13,38
26,25	13,50
26,27	13,62
26,30	13,76
26,32	13,88
26,34	14,05
26,37	14,18
26,39	14,32
26,42	14,45
26,44	14,56
26,47	14,68
26,49	14,79
26,52	14,86
26,54	14,96
26,56	15,02
26,59	15,09
26,61	15,17
26,64	15,24
26,66	15,31
26,69	15,37
26,71	15,41
26,73	15,49
26,76	15,54
26,78	15,57
26,81	15,61
26,83	15,62
26,86	15,63
26,88	15,64
26,91	15,59
26,93	15,57
26,95	15,53
26,98	15,49
27,00	15,44
27,03	15,39
27,05	15,28
27,08	15,26
27,10	15,16
27,13	15,09
27,15	14,96
27,17	14,87
27,20	14,77
27,22	14,70
27,25	14,56
27,27	14,46
27,30	14,31
27,32	14,20
27,35	14,03
27,37	13,88
27,39	13,70
27,42	13,54
27,44	13,34
27,47	13,18
27,49	12,99
27,52	12,85
27,54	12,71
27,57	12,56
27,59	12,39
27,61	12,24
27,64	12,07
27,66	11,91
27,69	11,70
27,71	11,47
27,74	11,26
27,76	11,06
27,78	10,86
27,81	10,69
27,83	10,48
27,86	10,34
27,88	10,18
27,91	10,01
27,93	9,87
27,96	9,72
27,98	9,55
28,00	9,41
28,03	9,21
28,05	9,04
28,08	8,88
28,10	8,70
28,13	8,54
28,15	8,39
28,18	8,24
28,20	8,13
28,22	8,02
28,25	7,91
28,27	7,85
28,30	7,74
28,32	7,66
28,35	7,57
28,37	7,49
28,40	7,39
28,42	7,31
28,44	7,20
28,47	7,15
28,49	7,05
28,52	7,00
28,54	6,95
28,57	6,91
28,59	6,87
28,62	6,85
28,64	6,80
28,66	6,82
28,69	6,80
28,71	6,79
28,74	6,79
28,76	6,76
28,79	6,75
28,81	6,77
28,84	6,73
28,86	6,75
28,88	6,75
28,91	6,76
28,93	6,80
28,96	6,83
28,98	6,84
29,01	6,90
29,03	6,94
29,05	7,00
29,08	7,04
29,10	7,09
29,13	7,16
29,15	7,24
29,18	7,27
29,20	7,33
29,23	7,39
29,25	7,47
29,27	7,54
29,30	7,60
29,32	7,66
29,35	7,74
29,37	7,82
29,40	7,93
29,42	8,02
29,45	8,10
29,47	8,21
29,49	8,28
29,52	8,40
29,54	8,49
29,57	8,58
29,59	8,68
29,62	8,78
29,64	8,86
29,67	9,00
29,69	9,09
29,71	9,20
29,74	9,34
29,76	9,45
29,79	9,57
29,81	9,71
29,84	9,83
29,86	9,97
29,89	10,11
29,91	10,23
29,93	10,37
29,96	10,48
29,98	10,60
30,01	10,72
30,03	10,85
30,06	10,99
30,08	11,11
30,10	11,22
30,13	11,41
30,15	11,56
30,18	11,72
30,20	11,88
30,23	12,01
30,25	12,16
30,28	12,33
30,30	12,45
30,32	12,61
30,35	12,73
30,37	12,87
30,40	13,03
30,42	13,19
30,45	13,34
30,47	13,54
30,50	13,70
30,52	13,90
30,54	14,09
30,57	14,27
30,59	14,45
30,62	14,63
30,64	14,79
30,67	14,96
30,69	15,11
30,72	15,26
30,74	15,43
30,76	15,59
30,79	15,75
30,81	15,91
30,84	16,10
30,86	16,33
30,89	16,52
30,91	16,71
30,94	16,92
30,96	17,10
30,98	17,30
31,01	17,45
31,03	17,59
31,06	17,77
31,08	17,92
31,11	18,09
31,13	18,27
31,15	18,44
31,18	18,62
31,20	18,83
31,23	18,98
31,25	19,18
31,28	19,34
31,30	19,52
31,33	19,68
31,35	19,85
31,37	19,97
31,40	20,14
31,42	20,23
31,45	20,36
31,47	20,48
31,50	20,59
31,52	20,71
31,55	20,84
31,57	20,94
31,59	21,09
31,62	21,16
31,64	21,25
31,67	21,33
31,69	21,37
31,72	21,40
31,74	21,44
31,77	21,43
31,79	21,48
31,81	21,48
31,84	21,49
31,86	21,50
31,89	21,50
31,91	21,46
31,94	21,45
31,96	21,40
31,99	21,38
32,01	21,28
32,03	21,21
32,06	21,14
32,08	21,09
32,11	20,96
32,13	20,90
32,16	20,76
32,18	20,69
32,20	20,57
32,23	20,46
32,25	20,31
32,28	20,19
32,30	20,02
32,33	19,92
32,35	19,73
32,38	19,56
32,40	19,38
32,42	19,24
32,45	19,07
32,47	18,91
32,50	18,69
32,52	18,53
32,55	18,32
32,57	18,11
32,60	17,89
32,62	17,65
32,64	17,40
32,67	17,18
32,69	16,93
32,72	16,70
32,74	16,48
32,77	16,27
32,79	16,05
32,82	15,85
32,84	15,63
32,86	15,45
32,89	15,21
32,91	15,00
32,94	14,75
32,96	14,54
32,99	14,30
33,01	14,07
33,04	13,82
33,06	13,67
33,08	13,43
33,11	13,25
33,13	13,06
33,16	12,89
33,18	12,73
33,21	12,59
33,23	12,41
33,26	12,27
33,28	12,10
33,30	11,94
33,33	11,81
33,35	11,65
33,38	11,51
33,40	11,37
33,43	11,24
33,45	11,14
33,47	11,06
33,50	10,95
33,52	10,89
33,55	10,80
33,57	10,73
33,60	10,67
33,62	10,61
33,65	10,54
33,67	10,50
33,69	10,44
33,72	10,41
33,74	10,38
33,77	10,35
33,79	10,34
33,82	10,33
33,84	10,30
33,87	10,30
33,89	10,28
33,91	10,30
33,94	10,31
33,96	10,33
33,99	10,35
34,01	10,36
34,04	10,39
34,06	10,45
34,09	10,49
34,11	10,54
34,13	10,60
34,16	10,67
34,18	10,76
34,21	10,82
34,23	10,87
34,26	10,94
34,28	11,00
34,31	11,07
34,33	11,17
34,35	11,25
34,38	11,34
34,40	11,44
34,43	11,55
34,45	11,68
34,48	11,80
34,50	11,87
34,52	12,00
34,55	12,10
34,57	12,21
34,60	12,31
34,62	12,42
34,65	12,53
34,67	12,68
34,70	12,81
34,72	12,97
34,74	13,09
34,77	13,26
34,79	13,42
34,82	13,60
34,84	13,74
34,87	13,91
34,89	14,04
34,92	14,21
34,94	14,36
34,96	14,51
34,99	14,66
35,01	14,84
35,04	14,99
35,06	15,19
35,09	15,36
35,11	15,54
35,14	15,72
35,16	15,90
35,18	16,06
35,21	16,24
35,23	16,39
35,26	16,59
35,28	16,75
35,31	16,90
35,33	17,08
35,36	17,29
35,38	17,49
35,40	17,70
35,43	17,88
35,45	18,10
35,48	18,29
35,50	18,49
35,53	18,68
35,55	18,86
35,57	19,05
35,60	19,24
35,62	19,40
35,65	19,63
35,67	19,83
35,70	20,02
35,72	20,23
35,75	20,46
35,77	20,68
35,79	20,93
35,82	21,13
35,84	21,35
35,87	21,58
35,89	21,77
35,92	21,97
35,94	22,16
35,97	22,34
35,99	22,56
36,01	22,77
36,04	22,95
36,06	23,19
36,09	23,41
36,11	23,63
36,14	23,84
36,16	24,06
36,19	24,25
36,21	24,46
36,23	24,63
36,26	24,83
36,28	25,00
36,31	25,16
36,33	25,32
36,36	25,48
36,38	25,65
36,41	25,85
36,43	25,99
36,45	26,15
36,48	26,29
36,50	26,43
36,53	26,56
36,55	26,70
36,58	26,80
36,60	26,91
36,62	26,98
36,65	27,10
36,67	27,16
36,70	27,23
36,72	27,28
36,75	27,34
36,77	27,38
36,80	27,47
36,82	27,47
36,84	27,55
36,87	27,56
36,89	27,59
36,92	27,60
36,94	27,60
36,97	27,58
36,99	27,60
37,02	27,56
37,04	27,56
37,06	27,52
37,09	27,49
37,11	27,45
37,14	27,40
37,16	27,28
37,19	27,20
37,21	27,09
37,24	26,99
37,26	26,88
37,28	26,79
37,31	26,67
37,33	26,59
37,36	26,48
37,38	26,38
37,41	26,23
37,43	26,08
37,46	25,88
37,48	25,71
37,50	25,50
37,53	25,31
37,55	25,07
37,58	24,88
37,60	24,64
37,63	24,46
37,65	24,25
37,68	24,06
37,70	23,85
37,72	23,68
37,75	23,46
37,77	23,28
37,80	23,03
37,82	22,79
37,85	22,54
37,87	22,31
37,89	22,04
37,92	21,82
37,94	21,56
37,97	21,34
37,99	21,14
38,02	20,96
38,04	20,74
38,07	20,54
38,09	20,33
38,11	20,15
38,14	19,94
38,16	19,69
38,19	19,45
38,21	19,23
38,24	18,99
38,26	18,78
38,29	18,56
38,31	18,35
38,33	18,18
38,36	18,00
38,38	17,86
38,41	17,71
38,43	17,57
38,46	17,44
38,48	17,33
38,51	17,19
38,53	17,07
38,55	16,93
38,58	16,83
38,60	16,70
38,63	16,58
38,65	16,47
38,68	16,39
38,70	16,29
38,73	16,24
38,75	16,16
38,77	16,13
38,80	16,09
38,82	16,05
38,85	16,02
38,87	15,99
38,90	15,94
38,92	15,92
38,94	15,88
38,97	15,87
38,99	15,86
39,02	15,86
39,04	15,86
39,07	15,88
39,09	15,89
39,12	15,93
39,14	15,96
39,16	16,00
39,19	16,05
39,21	16,10
39,24	16,17
39,26	16,24
39,29	16,29
39,31	16,38
39,34	16,46
39,36	16,55
39,38	16,63
39,41	16,69
39,43	16,78
39,46	16,90
39,48	17,00
39,51	17,09
39,53	17,19
39,56	17,30
39,58	17,47
39,60	17,59
39,63	17,71
39,65	17,85
39,68	17,99
39,70	18,14
39,73	18,29
39,75	18,38
39,78	18,54
39,80	18,66
39,82	18,80
39,85	18,96
39,87	19,14
39,90	19,30
39,92	19,52
39,95	19,68
39,97	19,91
39,99	20,10
40,02	20,29
40,04	20,48
40,07	20,66
40,09	20,83
40,12	21,02
40,14	21,18
40,17	21,35
40,19	21,56
40,21	21,75
40,24	21,98
40,26	22,20
40,29	22,44
40,31	22,70
40,34	22,94
40,36	23,16
40,39	23,42
40,41	23,64
40,43	23,85
40,46	24,07
40,48	24,26
40,51	24,50
40,53	24,71
40,56	24,91
40,58	25,16
40,61	25,43
40,63	25,69
40,65	25,98
40,68	26,25
40,70	26,54
40,73	26,82
40,75	27,10
40,78	27,35
40,80	27,59
40,83	27,80
40,85	28,02
40,87	28,26
40,90	28,51
40,92	28,78
40,95	29,03
40,97	29,32
41,00	29,60
41,02	29,91
41,05	30,20
41,07	30,49
41,09	30,72
41,12	30,99
41,14	31,19
41,17	31,46
41,19	31,66
41,22	31,89
41,24	32,10
41,26	32,33
41,29	32,57
41,31	32,86
41,34	33,09
41,36	33,34
41,39	33,60
41,41	33,84
41,44	34,08
41,46	34,32
41,48	34,51
41,51	34,72
41,53	34,93
41,56	35,11
41,58	35,32
41,61	35,50
41,63	35,67
41,66	35,88
41,68	36,06
41,70	36,24
41,73	36,41
41,75	36,56
41,78	36,76
41,80	36,93
41,83	37,05
41,85	37,20
41,88	37,32
41,90	37,43
41,92	37,52
41,95	37,62
41,97	37,72
42,00	37,83
42,02	37,94
42,05	38,08
42,07	38,19
42,10	38,30
42,12	38,42
42,14	38,51
42,17	38,58
42,19	38,67
42,22	38,71
42,24	38,76
42,27	38,82
42,29	38,83
42,31	38,86
42,34	38,90
42,36	38,93
42,39	38,99
42,41	38,99
42,44	39,02
42,46	39,04
42,49	39,07
42,51	39,10
42,53	39,10
42,56	39,08
42,58	39,11
42,61	39,08
42,63	39,10
42,66	39,10
42,68	39,11
42,71	39,13
42,73	39,14
42,75	39,17
42,78	39,23
42,80	39,28
42,83	39,35
42,85	39,48
42,88	39,58
42,90	39,76
42,93	41,28
42,95	42,81
42,97	44,30
43,00	45,78
43,02	47,20
43,05	48,64
43,07	50,00
43,10	50,00
43,12	50,00
43,15	50,00
43,17	50,00
43,19	50,00
43,22	50,00
43,24	50,00
43,27	50,00
43,29	50,00
43,32	50,00
43,34	50,00
43,36	50,00
43,39	50,00
43,41	50,00
43,44	50,00
43,46	50,00
43,49	50,00
43,51	50,00
43,54	50,00
43,56	50,00
43,58	50,00
43,61	50,00
43,63	50,00
43,66	50,00
43,68	50,00
43,71	50,00
43,73	50,00
43,76	50,00
43,78	50,00
43,80	50,00
43,83	50,00
43,85	50,00
43,88	50,00
43,90	50,00
43,93	50,00
43,95	50,00
43,98	50,00
44,00	50,00
44,02	50,00
44,05	50,00
44,07	50,00
44,10	50,00
44,12	50,00
44,15	50,00
44,17	50,00
44,20	50,00
44,22	50,00
44,24	50,00
44,27	50,00
44,29	50,00
44,32	50,00
44,34	50,00
44,37	50,00
44,39	50,00
44,41	50,00
44,44	50,00
44,46	50,00
44,49	50,00
44,51	50,00
44,54	50,00
44,56	50,00
44,59	50,00
44,61	50,00
44,63	50,00
44,66	50,00
44,68	50,00
44,71	50,00
44,73	50,00
44,76	50,00
44,78	50,00
44,81	50,00
44,83	50,00
44,85	50,00
44,88	50,00
44,90	50,00
44,93	50,00
44,95	50,00
44,98	50,00
45,00	50,00
45,03	50,00
45,05	50,00
45,07	50,00
45,10	50,00
45,12	50,00
45,15	50,00
45,17	50,00
45,20	50,00
45,22	50,00
45,25	50,00
45,27	50,00
45,29	50,00
45,32	50,00
45,34	50,00
45,37	50,00
45,39	50,00
45,42	50,00
45,44	50,00
45,47	50,00
45,49	50,00
45,51	50,00
45,54	50,00
45,56	50,00
45,59	50,00
45,61	50,00
45,64	50,00
45,66	50,00
45,68	50,00
45,71	50,00
45,73	50,00
45,76	50,00
45,78	50,00
45,81	50,00
45,83	50,00
45,86	50,00
45,88	50,00
45,90	50,00
45,93	50,00
45,95	50,00
45,98	50,00
46,00	50,00
46,03	50,00
46,05	50,00
46,08	50,00
46,10	50,00
46,12	50,00
46,15	50,00
46,17	50,00
46,20	50,00
46,22	50,00
46,25	50,00
46,27	50,00
46,30	50,00
46,32	50,00
46,34	50,00
46,37	50,00
46,39	50,00
46,42	50,00
46,44	50,00
46,47	50,00
46,49	50,00
46,52	50,00
46,54	50,00
46,56	50,00
46,59	50,00
46,61	50,00
46,64	50,00
46,66	50,00
46,69	50,00
46,71	50,00
46,73	50,00
46,76	50,00
46,78	50,00
46,81	50,00
46,83	50,00
46,86	50,00
46,88	50,00
46,91	50,00
46,93	50,00
46,95	50,00
46,98	50,00
47,00	50,00
47,03	50,00
47,05	50,00
47,08	50,00
47,10	50,00
47,13	50,00
47,15	50,00
47,17	50,00
47,20	50,00
47,22	50,00
47,25	50,00
47,27	50,00
47,30	50,00
47,32	50,00
47,35	50,00
47,37	50,00
47,39	50,00
47,42	50,00
47,44	50,00
47,47	50,00
47,49	50,00
47,52	50,00
47,54	50,00
47,57	50,00
47,59	50,00
47,61	50,00
47,64	50,00
47,66	50,00
47,69	50,00
47,71	50,00
47,74	50,00
47,76	50,00
47,78	50,00
47,81	50,00
47,83	50,00
47,86	50,00
47,88	50,00
47,91	50,00
47,93	50,00
47,96	50,00
47,98	50,00
48,00	50,00
48,03	50,00
48,05	50,00
48,08	50,00
48,10	50,00
48,13	50,00
48,15	50,00
48,18	50,00
48,20	50,00
48,22	50,00
48,25	50,00
48,27	50,00
48,30	50,00
48,32	50,00
48,35	50,00
48,37	50,00
48,40	50,00
48,42	50,00
48,44	50,00
48,47	50,00
48,49	50,00
48,52	50,00
48,54	50,00
48,57	50,00
48,59	50,00
48,62	50,00
48,64	50,00
48,66	50,00
48,69	50,00
48,71	50,00
48,74	50,00
48,76	50,00
48,79	50,00
48,81	50,00
48,84	50,00
48,86	50,00
48,88	50,00
48,91	50,00
48,93	50,00
48,96	50,00
48,98	50,00
49,01	50,00
49,03	50,00
49,05	50,00
49,08	50,00
49,10	50,00
49,13	50,00
49,15	50,00
49,18	50,00
49,20	50,00
49,23	50,00
49,25	50,00
49,27	50,00
49,30	50,00
49,32	50,00
49,35	50,00
49,37	50,00
49,40	50,00
49,42	50,00
49,45	50,00
49,47	50,00
49,49	50,00
49,52	50,00
49,54	50,00
49,57	50,00
49,59	50,00
49,62	50,00
49,64	50,00
49,67	50,00
49,69	50,00
49,71	50,00
49,74	50,00
49,76	50,00
49,79	50,00
49,81	50,00
49,84	50,00
49,86	50,00
49,89	50,00
49,91	50,00
49,93	50,00
49,96	50,00
49,98	50,00
50,01	50,00
50,03	50,00
50,06	50,00
50,08	50,00
50,10	50,00
50,13	50,00
50,15	50,00
50,18	50,00
50,20	50,00
50,23	50,00
50,25	50,00
50,28	50,00
50,30	50,00
50,32	50,00
50,35	50,00
50,37	50,00
50,40	50,00
50,42	50,00
50,45	50,00
50,47	50,00
50,50	50,00
50,52	50,00
50,54	50,00
50,57	50,00
50,59	50,00
50,62	50,00
50,64	50,00
50,67	50,00
50,69	50,00
50,72	50,00
50,74	50,00
50,76	50,00
50,79	50,00
50,81	50,00
50,84	50,00
50,86	50,00
50,89	50,00
50,91	50,00
50,94	50,00
50,96	50,00
50,98	50,00
51,01	50,00
51,03	50,00
51,06	50,00
51,08	50,00
51,11	50,00
51,13	50,00
51,15	50,00
51,18	50,00
51,20	50,00
51,23	50,00
51,25	50,00
51,28	50,00
51,30	50,00
51,33	50,00
51,35	50,00
51,37	50,00
51,40	50,00
51,42	50,00
51,45	50,00
51,47	50,00
51,50	50,00
51,52	50,00
51,55	50,00
51,57	50,00
51,59	50,00
51,62	50,00
51,64	50,00
51,67	50,00
51,69	50,00
51,72	50,00
51,74	50,00
51,77	50,00
51,79	50,00
51,81	50,00
51,84	50,00
51,86	50,00
51,89	50,00
51,91	50,00
51,94	50,00
51,96	50,00
51,99	50,00
52,01	50,00
52,03	50,00
52,06	50,00
52,08	50,00
52,11	50,00
52,13	50,00
52,16	50,00
52,18	50,00
52,20	50,00
52,23	50,00
52,25	50,00
52,28	50,00
52,30	50,00
52,33	50,00
52,35	50,00
52,38	50,00
52,40	50,00
52,42	50,00
52,45	50,00
52,47	50,00
52,50	50,00
52,52	50,00
52,55	50,00
52,57	50,00
52,60	50,00
52,62	50,00
52,64	50,00
52,67	50,00
52,69	50,00
52,72	50,00
52,74	50,00
52,77	50,00
52,79	50,00
52,82	50,00
52,84	50,00
52,86	50,00
52,89	50,00
52,91	50,00
52,94	50,00
52,96	50,00
52,99	50,00
53,01	50,00
53,04	50,00
53,06	50,00
53,08	50,00
53,11	50,00
53,13	50,00
53,16	50,00
53,18	50,00
53,21	50,00
53,23	50,00
53,26	50,00
53,28	50,00
53,30	50,00
53,33	50,00
53,35	50,00
53,38	50,00
53,40	50,00
53,43	50,00
53,45	50,00
53,47	50,00
53,50	50,00
53,52	50,00
53,55	50,00
53,57	50,00
53,60	50,00
53,62	50,00
53,65	50,00
53,67	50,00
53,69	50,00
53,72	50,00
53,74	50,00
53,77	50,00
53,79	50,00
53,82	50,00
53,84	50,00
53,87	50,00
53,89	50,00
53,91	50,00
53,94	50,00
53,96	50,00
53,99	50,00
54,01	50,00
54,04	50,00
54,06	50,00
54,09	50,00
54,11	50,00
54,13	50,00
54,16	50,00
54,18	50,00
54,21	50,00
54,23	50,00
54,26	50,00
54,28	50,00
54,31	50,00
54,33	50,00
54,35	50,00
54,38	50,00
54,40	50,00
54,43	50,00
54,45	50,00
54,48	50,00
54,50	50,00
54,52	50,00
54,55	50,00
54,57	50,00
54,60	50,00
54,62	50,00
54,65	50,00
54,67	50,00
54,70	50,00
54,72	50,00
54,74	50,00
54,77	50,00
54,79	50,00
54,82	50,00
54,84	50,00
54,87	50,00
54,89	50,00
54,92	50,00
54,94	50,00
54,96	50,00
54,99	50,00
55,01	50,00
55,04	50,00
55,06	50,00
55,09	50,00
55,11	50,00
55,14	50,00
55,16	50,00
55,18	50,00
55,21	50,00
55,23	50,00
55,26	50,00
55,28	50,00
55,31	50,00
55,33	50,00
55,36	50,00
55,38	50,00
55,40	50,00
55,43	50,00
55,45	50,00
55,48	50,00
55,50	50,00
55,53	50,00
55,55	50,00
55,57	50,00
55,60	50,00
55,62	50,00
55,65	50,00
55,67	50,00
55,70	50,00
55,72	50,00
55,75	50,00
55,77	50,00
55,79	50,00
55,82	50,00
55,84	50,00
55,87	50,00
55,89	50,00
55,92	50,00
55,94	50,00
55,97	50,00
55,99	50,00
56,01	50,00
56,04	50,00
56,06	50,00
56,09	50,00
56,11	50,00
56,14	50,00
56,16	50,00
56,19	50,00
56,21	50,00
56,23	50,00
56,26	50,00
56,28	50,00
56,31	50,00
56,33	50,00
56,36	50,00
56,38	50,00
56,41	50,00
56,43	50,00
56,45	50,00
56,48	50,00
56,50	50,00
56,53	50,00
56,55	50,00
56,58	50,00
56,60	50,00
56,62	50,00
56,65	50,00
56,67	50,00
56,70	50,00
56,72	50,00
56,75	50,00
56,77	50,00
56,80	50,00
56,82	50,00
56,84	50,00
56,87	50,00
56,89	50,00
56,92	50,00
56,94	50,00
56,97	50,00
56,99	50,00
57,02	50,00
57,04	50,00
57,06	50,00
57,09	50,00
57,11	50,00
57,14	50,00
57,16	50,00
57,19	50,00
57,21	50,00
57,24	50,00
57,26	50,00
57,28	50,00
57,31	50,00
57,33	50,00
57,36	50,00
57,38	50,00
57,41	50,00
57,43	50,00
57,46	50,00
57,48	50,00
57,50	50,00
57,53	50,00
57,55	50,00
57,58	50,00
57,60	50,00
57,63	50,00
57,65	50,00
57,68	50,00
57,70	50,00
57,72	50,00
57,75	50,00
57,77	50,00
57,80	50,00
57,82	50,00
57,85	50,00
57,87	50,00
57,89	50,00
57,92	50,00
57,94	50,00
57,97	50,00
57,99	50,00
58,02	50,00
58,04	50,00
58,07	50,00
58,09	50,00
58,11	50,00
58,14	50,00
58,16	50,00
58,19	50,00
58,21	50,00
58,24	50,00
58,26	50,00
58,29	50,00
58,31	50,00
58,33	50,00
58,36	50,00
58,38	50,00
58,41	50,00
58,43	50,00
58,46	50,00
58,48	50,00
58,51	50,00
58,53	50,00
58,55	50,00
58,58	50,00
58,60	50,00
58,63	50,00
58,65	50,00
58,68	50,00
58,70	50,00
58,73	50,00
58,75	50,00
58,77	50,00
58,80	50,00
58,82	50,00
58,85	50,00
58,87	50,00
58,90	50,00
58,92	50,00
58,94	50,00
58,97	50,00
58,99	50,00
59,02	50,00
59,04	50,00
59,07	50,00
59,09	50,00
59,12	50,00
59,14	50,00
59,16	50,00
59,19	50,00
59,21	50,00
59,24	50,00
59,26	50,00
59,29	50,00
59,31	50,00
59,34	50,00
59,36	50,00
59,38	50,00
59,41	50,00
59,43	50,00
59,46	50,00
59,48	50,00
59,51	50,00
59,53	50,00
59,56	50,00
59,58	50,00
59,60	50,00
59,63	50,00
59,65	50,00
59,68	50,00
59,70	50,00
59,73	50,00
59,75	50,00
59,78	50,00
59,80	50,00
59,82	50,00
59,85	50,00
59,87	50,00
59,90	50,00
59,92	50,00
59,95	50,00
59,97	50,00
59,99	50,00
