Voltage U1	Corriente IA
U1/V	IA/nA

0,02	0,18
0,04	0,19
0,07	0,20
0,09	0,22
0,12	0,24
0,14	0,22
0,17	0,22
0,19	0,22
0,21	0,23
0,24	0,21
0,26	0,22
0,29	0,20
0,31	0,21
0,34	0,20
0,36	0,19
0,39	0,20
0,41	0,22
0,43	0,20
0,46	0,23
0,48	0,22
0,51	0,23
0,53	0,23
0,56	0,23
0,58	0,21
0,61	0,21
0,63	0,20
0,65	0,21
0,68	0,19
0,70	0,20
0,73	0,20
0,75	0,21
0,78	0,21
0,80	0,23
0,83	0,24
0,85	0,25
0,87	0,25
0,90	0,24
0,92	0,24
0,95	0,25
0,97	0,24
1,00	0,26
1,02	0,26
1,05	0,27
1,07	0,28
1,09	0,27
1,12	0,27
1,14	0,29
1,17	0,25
1,19	0,26
1,22	0,24
1,24	0,23
1,26	0,24
1,29	0,25
1,31	0,25
1,34	0,26
1,36	0,27
1,39	0,27
1,41	0,26
1,44	0,25
1,46	0,25
1,48	0,25
1,51	0,24
1,53	0,23
1,56	0,24
1,58	0,25
1,61	0,25
1,63	0,22
1,66	0,24
1,68	0,24
1,70	0,24
1,73	0,24
1,75	0,24
1,78	0,25
1,80	0,25
1,83	0,23
1,85	0,24
1,88	0,23
1,90	0,22
1,92	0,23
1,95	0,23
1,97	0,23
2,00	0,24
2,02	0,23
2,05	0,23
2,07	0,22
2,10	0,21
2,12	0,21
2,14	0,19
2,17	0,18
2,19	0,20
2,22	0,20
2,24	0,21
2,27	0,22
2,29	0,22
2,31	0,24
2,34	0,26
2,36	0,24
2,39	0,23
2,41	0,22
2,44	0,22
2,46	0,25
2,49	0,25
2,51	0,25
2,53	0,26
2,56	0,27
2,58	0,28
2,61	0,30
2,63	0,28
2,66	0,29
2,68	0,27
2,71	0,26
2,73	0,26
2,75	0,26
2,78	0,22
2,80	0,23
2,83	0,22
2,85	0,26
2,88	0,25
2,90	0,24
2,93	0,25
2,95	0,27
2,97	0,26
3,00	0,26
3,02	0,23
3,05	0,24
3,07	0,23
3,10	0,22
3,12	0,22
3,15	0,21
3,17	0,20
3,19	0,23
3,22	0,22
3,24	0,23
3,27	0,22
3,29	0,23
3,32	0,25
3,34	0,25
3,36	0,22
3,39	0,24
3,41	0,23
3,44	0,23
3,46	0,22
3,49	0,22
3,51	0,21
3,54	0,22
3,56	0,21
3,58	0,24
3,61	0,23
3,63	0,24
3,66	0,25
3,68	0,26
3,71	0,26
3,73	0,27
3,76	0,25
3,78	0,26
3,80	0,26
3,83	0,25
3,85	0,25
3,88	0,25
3,90	0,24
3,93	0,28
3,95	0,27
3,98	0,27
4,00	0,27
4,02	0,27
4,05	0,28
4,07	0,30
4,10	0,26
4,12	0,27
4,15	0,25
4,17	0,25
4,20	0,25
4,22	0,23
4,24	0,21
4,27	0,22
4,29	0,22
4,32	0,25
4,34	0,25
4,37	0,27
4,39	0,29
4,42	0,30
4,44	0,30
4,46	0,29
4,49	0,28
4,51	0,28
4,54	0,28
4,56	0,27
4,59	0,27
4,61	0,26
4,63	0,28
4,66	0,30
4,68	0,29
4,71	0,29
4,73	0,29
4,76	0,29
4,78	0,34
4,81	0,31
4,83	0,31
4,85	0,32
4,88	0,31
4,90	0,31
4,93	0,32
4,95	0,28
4,98	0,30
5,00	0,30
5,03	0,30
5,05	0,32
5,07	0,31
5,10	0,31
5,12	0,35
5,15	0,34
5,17	0,34
5,20	0,34
5,22	0,34
5,25	0,35
5,27	0,36
5,29	0,33
5,32	0,35
5,34	0,33
5,37	0,35
5,39	0,38
5,42	0,37
5,44	0,37
5,47	0,38
5,49	0,37
5,51	0,41
5,54	0,40
5,56	0,38
5,59	0,39
5,61	0,38
5,64	0,40
5,66	0,41
5,68	0,40
5,71	0,41
5,73	0,40
5,76	0,39
5,78	0,41
5,81	0,42
5,83	0,43
5,86	0,46
5,88	0,46
5,90	0,45
5,93	0,48
5,95	0,48
5,98	0,51
6,00	0,51
6,03	0,49
6,05	0,49
6,08	0,50
6,10	0,50
6,12	0,55
6,15	0,54
6,17	0,55
6,20	0,56
6,22	0,59
6,25	0,62
6,27	0,63
6,30	0,61
6,32	0,61
6,34	0,59
6,37	0,60
6,39	0,63
6,42	0,64
6,44	0,63
6,47	0,63
6,49	0,63
6,52	0,67
6,54	0,66
6,56	0,65
6,59	0,66
6,61	0,67
6,64	0,69
6,66	0,71
6,69	0,71
6,71	0,74
6,73	0,75
6,76	0,74
6,78	0,76
6,81	0,77
6,83	0,77
6,86	0,80
6,88	0,80
6,91	0,81
6,93	0,82
6,95	0,82
6,98	0,86
7,00	0,86
7,03	0,84
7,05	0,86
7,08	0,84
7,10	0,85
7,13	0,85
7,15	0,84
7,17	0,85
7,20	0,85
7,22	0,86
7,25	0,89
7,27	0,90
7,30	0,90
7,32	0,94
7,35	0,96
7,37	0,98
7,39	0,98
7,42	0,97
7,44	0,98
7,47	0,98
7,49	0,96
7,52	0,97
7,54	0,95
7,57	0,96
7,59	0,99
7,61	1,00
7,64	1,00
7,66	1,02
7,69	1,02
7,71	1,06
7,74	1,06
7,76	1,03
7,78	1,04
7,81	1,01
7,83	1,02
7,86	1,00
7,88	0,99
7,91	1,00
7,93	0,99
7,96	0,99
7,98	1,03
8,00	1,03
8,03	1,03
8,05	1,05
8,08	1,05
8,10	1,08
8,13	1,07
8,15	1,08
8,18	1,07
8,20	1,07
8,22	1,05
8,25	1,06
8,27	1,05
8,30	1,06
8,32	1,06
8,35	1,06
8,37	1,06
8,40	1,07
8,42	1,05
8,44	1,08
8,47	1,06
8,49	1,05
8,52	1,05
8,54	1,04
8,57	1,04
8,59	1,05
8,62	1,03
8,64	1,03
8,66	1,01
8,69	1,02
8,71	1,03
8,74	1,04
8,76	1,02
8,79	1,05
8,81	1,05
8,84	1,06
8,86	1,05
8,88	1,05
8,91	1,05
8,93	1,06
8,96	1,03
8,98	1,04
9,01	1,03
9,03	1,03
9,05	1,03
9,08	1,02
9,10	1,02
9,13	1,02
9,15	1,02
9,18	1,06
9,20	1,06
9,23	1,06
9,25	1,06
9,27	1,02
9,30	1,03
9,32	1,02
9,35	1,00
9,37	1,00
9,40	1,00
9,42	0,99
9,45	1,05
9,47	1,06
9,49	1,07
9,52	1,08
9,54	1,09
9,57	1,10
9,59	1,11
9,62	1,08
9,64	1,09
9,67	1,08
9,69	1,07
9,71	1,08
9,74	1,07
9,76	1,08
9,79	1,11
9,81	1,10
9,84	1,11
9,86	1,12
9,89	1,11
9,91	1,15
9,93	1,15
9,96	1,15
9,98	1,17
10,01	1,16
10,03	1,17
10,06	1,17
10,08	1,15
10,10	1,15
10,13	1,16
10,15	1,18
10,18	1,21
10,20	1,22
10,23	1,25
10,25	1,27
10,28	1,30
10,30	1,31
10,32	1,32
10,35	1,33
10,37	1,36
10,40	1,38
10,42	1,39
10,45	1,41
10,47	1,42
10,50	1,43
10,52	1,45
10,54	1,46
10,57	1,48
10,59	1,49
10,62	1,51
10,64	1,58
10,67	1,60
10,69	1,62
10,72	1,63
10,74	1,65
10,76	1,67
10,79	1,69
10,81	1,67
10,84	1,69
10,86	1,71
10,89	1,73
10,91	1,76
10,94	1,80
10,96	1,83
10,98	1,89
11,01	1,91
11,03	1,98
11,06	2,02
11,08	2,05
11,11	2,06
11,13	2,08
11,15	2,10
11,18	2,14
11,20	2,12
11,23	2,14
11,25	2,18
11,28	2,22
11,30	2,28
11,33	2,32
11,35	2,34
11,37	2,43
11,40	2,45
11,42	2,49
11,45	2,52
11,47	2,52
11,50	2,55
11,52	2,59
11,55	2,60
11,57	2,65
11,59	2,65
11,62	2,69
11,64	2,73
11,67	2,78
11,69	2,81
11,72	2,87
11,74	2,89
11,77	2,96
11,79	2,99
11,81	3,03
11,84	3,06
11,86	3,09
11,89	3,10
11,91	3,13
11,94	3,12
11,96	3,15
11,99	3,16
12,01	3,18
12,03	3,19
12,06	3,21
12,08	3,22
12,11	3,28
12,13	3,28
12,16	3,28
12,18	3,28
12,21	3,28
12,23	3,27
12,25	3,27
12,28	3,24
12,30	3,25
12,33	3,23
12,35	3,23
12,38	3,24
12,40	3,24
12,42	3,23
12,45	3,23
12,47	3,21
12,50	3,21
12,52	3,20
12,55	3,18
12,57	3,16
12,60	3,14
12,62	3,12
12,64	3,11
12,67	3,08
12,69	3,06
12,72	3,03
12,74	3,01
12,77	2,99
12,79	2,97
12,82	2,94
12,84	2,93
12,86	2,90
12,89	2,88
12,91	2,85
12,94	2,83
12,96	2,80
12,99	2,77
13,01	2,74
13,04	2,71
13,06	2,67
13,08	2,65
13,11	2,63
13,13	2,61
13,16	2,60
13,18	2,59
13,21	2,58
13,23	2,57
13,26	2,55
13,28	2,52
13,30	2,51
13,33	2,48
13,35	2,45
13,38	2,44
13,40	2,40
13,43	2,38
13,45	2,37
13,47	2,33
13,50	2,33
13,52	2,30
13,55	2,27
13,57	2,27
13,60	2,26
13,62	2,24
13,65	2,23
13,67	2,21
13,69	2,21
13,72	2,20
13,74	2,18
13,77	2,17
13,79	2,14
13,82	2,14
13,84	2,14
13,87	2,14
13,89	2,13
13,91	2,13
13,94	2,13
13,96	2,14
13,99	2,13
14,01	2,13
14,04	2,13
14,06	2,13
14,09	2,13
14,11	2,15
14,13	2,16
14,16	2,17
14,18	2,19
14,21	2,19
14,23	2,21
14,26	2,21
14,28	2,22
14,31	2,23
14,33	2,24
14,35	2,23
14,38	2,24
14,40	2,23
14,43	2,27
14,45	2,28
14,48	2,30
14,50	2,32
14,52	2,33
14,55	2,36
14,57	2,41
14,60	2,43
14,62	2,44
14,65	2,47
14,67	2,47
14,70	2,52
14,72	2,54
14,74	2,54
14,77	2,57
14,79	2,60
14,82	2,62
14,84	2,70
14,87	2,73
14,89	2,78
14,92	2,81
14,94	2,85
14,96	2,90
14,99	2,94
15,01	2,95
15,04	2,99
15,06	3,02
15,09	3,06
15,11	3,10
15,14	3,15
15,16	3,18
15,18	3,24
15,21	3,29
15,23	3,35
15,26	3,40
15,28	3,45
15,31	3,50
15,33	3,56
15,36	3,61
15,38	3,66
15,40	3,70
15,43	3,76
15,45	3,82
15,48	3,86
15,50	3,94
15,53	3,99
15,55	4,07
15,57	4,15
15,60	4,23
15,62	4,30
15,65	4,37
15,67	4,42
15,70	4,50
15,72	4,54
15,75	4,59
15,77	4,67
15,79	4,72
15,82	4,80
15,84	4,89
15,87	4,96
15,89	5,05
15,92	5,13
15,94	5,24
15,97	5,33
15,99	5,41
16,01	5,47
16,04	5,56
16,06	5,63
16,09	5,73
16,11	5,79
16,14	5,88
16,16	5,97
16,19	6,06
16,21	6,11
16,23	6,22
16,26	6,28
16,28	6,36
16,31	6,46
16,33	6,56
16,36	6,65
16,38	6,76
16,41	6,82
16,43	6,92
16,45	6,99
16,48	7,06
16,50	7,13
16,53	7,22
16,55	7,28
16,58	7,37
16,60	7,45
16,63	7,55
16,65	7,60
16,67	7,69
16,70	7,75
16,72	7,82
16,75	7,86
16,77	7,95
16,80	7,98
16,82	8,04
16,84	8,06
16,87	8,10
16,89	8,14
16,92	8,19
16,94	8,19
16,97	8,21
16,99	8,21
17,02	8,22
17,04	8,21
17,06	8,20
17,09	8,16
17,11	8,15
17,14	8,10
17,16	8,09
17,19	8,04
17,21	7,99
17,24	7,93
17,26	7,88
17,28	7,81
17,31	7,75
17,33	7,66
17,36	7,59
17,38	7,49
17,41	7,43
17,43	7,37
17,46	7,30
17,48	7,21
17,50	7,16
17,53	7,08
17,55	7,02
17,58	6,94
17,60	6,84
17,63	6,76
17,65	6,65
17,68	6,54
17,70	6,46
17,72	6,33
17,75	6,24
17,77	6,16
17,80	6,05
17,82	5,97
17,85	5,88
17,87	5,78
17,89	5,72
17,92	5,62
17,94	5,51
17,97	5,45
17,99	5,34
18,02	5,25
18,04	5,17
18,07	5,07
18,09	5,00
18,11	4,91
18,14	4,83
18,16	4,78
18,19	4,72
18,21	4,63
18,24	4,59
18,26	4,54
18,29	4,48
18,31	4,41
18,33	4,35
18,36	4,28
18,38	4,24
18,41	4,17
18,43	4,11
18,46	4,06
18,48	4,01
18,51	4,00
18,53	3,96
18,55	3,91
18,58	3,89
18,60	3,85
18,63	3,84
18,65	3,81
18,68	3,77
18,70	3,76
18,73	3,74
18,75	3,72
18,77	3,71
18,80	3,68
18,82	3,68
18,85	3,68
18,87	3,67
18,90	3,68
18,92	3,69
18,94	3,70
18,97	3,75
18,99	3,76
19,02	3,77
19,04	3,79
19,07	3,81
19,09	3,83
19,12	3,86
19,14	3,86
19,16	3,90
19,19	3,93
19,21	3,96
19,24	4,02
19,26	4,06
19,29	4,10
19,31	4,15
19,34	4,21
19,36	4,27
19,38	4,33
19,41	4,36
19,43	4,42
19,46	4,47
19,48	4,53
19,51	4,58
19,53	4,61
19,56	4,67
19,58	4,72
19,60	4,79
19,63	4,86
19,65	4,94
19,68	4,99
19,70	5,11
19,73	5,21
19,75	5,30
19,78	5,37
19,80	5,45
19,82	5,52
19,85	5,61
19,87	5,66
19,90	5,74
19,92	5,79
19,95	5,90
19,97	5,99
19,99	6,08
20,02	6,17
20,04	6,27
20,07	6,36
20,09	6,50
20,12	6,60
20,14	6,71
20,17	6,82
20,19	6,91
20,21	7,01
20,24	7,12
20,26	7,20
20,29	7,31
20,31	7,40
20,34	7,49
20,36	7,63
20,39	7,76
20,41	7,90
20,43	8,04
20,46	8,17
20,48	8,30
20,51	8,45
20,53	8,56
20,56	8,67
20,58	8,77
20,61	8,89
20,63	9,00
20,65	9,12
20,68	9,22
20,70	9,39
20,73	9,53
20,75	9,71
20,78	9,85
20,80	10,01
20,83	10,18
20,85	10,36
20,87	10,50
20,90	10,63
20,92	10,75
20,95	10,88
20,97	11,00
21,00	11,15
21,02	11,28
21,05	11,42
21,07	11,56
21,09	11,74
21,12	11,90
21,14	12,09
21,17	12,27
21,19	12,42
21,22	12,59
21,24	12,79
21,26	12,89
21,29	13,04
21,31	13,16
21,34	13,27
21,36	13,42
21,39	13,57
21,41	13,68
21,44	13,89
21,46	14,04
21,48	14,19
21,51	14,35
21,53	14,51
21,56	14,62
21,58	14,76
21,61	14,85
21,63	14,94
21,66	15,04
21,68	15,14
21,70	15,19
21,73	15,29
21,75	15,36
21,78	15,43
21,80	15,49
21,83	15,55
21,85	15,57
21,88	15,60
21,90	15,61
21,92	15,61
21,95	15,59
21,97	15,56
22,00	15,51
22,02	15,45
22,05	15,36
22,07	15,27
22,10	15,15
22,12	15,04
22,14	14,92
22,17	14,81
22,19	14,66
22,22	14,54
22,24	14,37
22,27	14,22
22,29	14,09
22,31	13,94
22,34	13,76
22,36	13,61
22,39	13,41
22,41	13,25
22,44	13,05
22,46	12,82
22,49	12,61
22,51	12,40
22,53	12,17
22,56	11,98
22,58	11,73
22,61	11,53
22,63	11,36
22,66	11,17
22,68	10,99
22,71	10,80
22,73	10,60
22,75	10,44
22,78	10,27
22,80	10,04
22,83	9,83
22,85	9,61
22,88	9,40
22,90	9,22
22,93	9,02
22,95	8,83
22,97	8,68
23,00	8,53
23,02	8,41
23,05	8,28
23,07	8,14
23,10	8,00
23,12	7,85
23,15	7,70
23,17	7,57
23,19	7,40
23,22	7,27
23,24	7,13
23,27	7,00
23,29	6,91
23,32	6,82
23,34	6,72
23,36	6,67
23,39	6,60
23,41	6,55
23,44	6,49
23,46	6,44
23,49	6,39
23,51	6,33
23,54	6,27
23,56	6,25
23,58	6,19
23,61	6,17
23,63	6,16
23,66	6,14
23,68	6,12
23,71	6,11
23,73	6,10
23,76	6,15
23,78	6,16
23,80	6,16
23,83	6,17
23,85	6,18
23,88	6,22
23,90	6,24
23,93	6,25
23,95	6,29
23,98	6,34
24,00	6,39
24,02	6,46
24,05	6,50
24,07	6,56
24,10	6,63
24,12	6,69
24,15	6,75
24,17	6,82
24,20	6,89
24,22	6,97
24,24	7,07
24,27	7,16
24,29	7,27
24,32	7,37
24,34	7,46
24,37	7,59
24,39	7,70
24,42	7,78
24,44	7,88
24,46	7,98
24,49	8,11
24,51	8,23
24,54	8,33
24,56	8,46
24,59	8,57
24,61	8,72
24,63	8,85
24,66	9,00
24,68	9,15
24,71	9,27
24,73	9,39
24,76	9,55
24,78	9,66
24,81	9,81
24,83	9,91
24,85	10,06
24,88	10,21
24,90	10,39
24,93	10,54
24,95	10,72
24,98	10,88
25,00	11,07
25,03	11,22
25,05	11,39
25,07	11,52
25,10	11,69
25,12	11,83
25,15	12,02
25,17	12,17
25,20	12,33
25,22	12,51
25,25	12,71
25,27	12,90
25,29	13,12
25,32	13,30
25,34	13,49
25,37	13,68
25,39	13,87
25,42	14,06
25,44	14,23
25,47	14,41
25,49	14,59
25,51	14,78
25,54	14,97
25,56	15,18
25,59	15,39
25,61	15,61
25,64	15,82
25,66	16,03
25,68	16,26
25,71	16,50
25,73	16,71
25,76	16,94
25,78	17,12
25,81	17,35
25,83	17,58
25,86	17,80
25,88	18,00
25,90	18,23
25,93	18,42
25,95	18,72
25,98	18,95
26,00	19,19
26,03	19,43
26,05	19,69
26,08	19,91
26,10	20,18
26,12	20,35
26,15	20,55
26,17	20,72
26,20	20,94
26,22	21,15
26,25	21,39
26,27	21,54
26,30	21,78
26,32	22,00
26,34	22,26
26,37	22,44
26,39	22,62
26,42	22,82
26,44	23,04
26,47	23,18
26,49	23,37
26,52	23,48
26,54	23,61
26,56	23,77
26,59	23,89
26,61	23,96
26,64	24,16
26,66	24,27
26,69	24,36
26,71	24,50
26,73	24,58
26,76	24,61
26,78	24,70
26,81	24,70
26,83	24,69
26,86	24,72
26,88	24,68
26,91	24,60
26,93	24,58
26,95	24,51
26,98	24,41
27,00	24,28
27,03	24,16
27,05	24,02
27,08	23,88
27,10	23,68
27,13	23,49
27,15	23,27
27,17	23,10
27,20	22,91
27,22	22,71
27,25	22,48
27,27	22,29
27,30	22,06
27,32	21,85
27,35	21,55
27,37	21,26
27,39	20,95
27,42	20,70
27,44	20,36
27,47	20,06
27,49	19,74
27,52	19,48
27,54	19,22
27,57	18,94
27,59	18,64
27,61	18,36
27,64	18,04
27,66	17,76
27,69	17,44
27,71	17,10
27,74	16,77
27,76	16,46
27,78	16,14
27,81	15,86
27,83	15,55
27,86	15,26
27,88	15,01
27,91	14,77
27,93	14,48
27,96	14,28
27,98	14,02
28,00	13,78
28,03	13,53
28,05	13,26
28,08	13,01
28,10	12,79
28,13	12,51
28,15	12,30
28,18	12,06
28,20	11,85
28,22	11,68
28,25	11,51
28,27	11,33
28,30	11,23
28,32	11,08
28,35	10,96
28,37	10,85
28,40	10,70
28,42	10,60
28,44	10,52
28,47	10,38
28,49	10,32
28,52	10,24
28,54	10,17
28,57	10,13
28,59	10,07
28,62	10,02
28,64	10,01
28,66	9,99
28,69	10,00
28,71	10,00
28,74	10,01
28,76	10,03
28,79	10,05
28,81	10,10
28,84	10,14
28,86	10,17
28,88	10,22
28,91	10,26
28,93	10,31
28,96	10,36
28,98	10,41
29,01	10,46
29,03	10,54
29,05	10,61
29,08	10,72
29,10	10,80
29,13	10,91
29,15	11,03
29,18	11,18
29,20	11,29
29,23	11,43
29,25	11,56
29,27	11,70
29,30	11,81
29,32	11,94
29,35	12,07
29,37	12,22
29,40	12,34
29,42	12,53
29,45	12,69
29,47	12,89
29,49	13,10
29,52	13,27
29,54	13,46
29,57	13,68
29,59	13,85
29,62	14,01
29,64	14,17
29,67	14,33
29,69	14,49
29,71	14,69
29,74	14,86
29,76	15,05
29,79	15,26
29,81	15,51
29,84	15,69
29,86	15,94
29,89	16,16
29,91	16,39
29,93	16,62
29,96	16,87
29,98	17,07
30,01	17,33
30,03	17,51
30,06	17,75
30,08	17,97
30,10	18,21
30,13	18,42
30,15	18,70
30,18	18,92
30,20	19,23
30,23	19,45
30,25	19,73
30,28	19,98
30,30	20,25
30,32	20,45
30,35	20,73
30,37	20,95
30,40	21,21
30,42	21,44
30,45	21,71
30,47	22,03
30,50	22,36
30,52	22,67
30,54	22,96
30,57	23,26
30,59	23,59
30,62	23,95
30,64	24,24
30,67	24,49
30,69	24,74
30,72	25,04
30,74	25,33
30,76	25,63
30,79	25,84
30,81	26,14
30,84	26,46
30,86	26,81
30,89	27,16
30,91	27,49
30,94	27,80
30,96	28,16
30,98	28,50
31,01	28,80
31,03	29,07
31,06	29,32
31,08	29,58
31,11	29,85
31,13	30,13
31,15	30,41
31,18	30,67
31,20	30,97
31,23	31,29
31,25	31,58
31,28	31,86
31,30	32,14
31,33	32,36
31,35	32,64
31,37	32,90
31,40	33,11
31,42	33,32
31,45	33,56
31,47	33,73
31,50	33,95
31,52	34,12
31,55	34,34
31,57	34,52
31,59	34,67
31,62	34,84
31,64	35,01
31,67	35,05
31,69	35,22
31,72	35,27
31,74	35,29
31,77	35,39
31,79	35,42
31,81	35,42
31,84	35,47
31,86	35,42
31,89	35,38
31,91	35,38
31,94	35,29
31,96	35,17
31,99	35,06
32,01	34,94
32,03	34,79
32,06	34,65
32,08	34,51
32,11	34,36
32,13	34,20
32,16	34,02
32,18	33,81
32,20	33,59
32,23	33,37
32,25	33,09
32,28	32,82
32,30	32,50
32,33	32,22
32,35	31,94
32,38	31,66
32,40	31,35
32,42	31,07
32,45	30,74
32,47	30,50
32,50	30,17
32,52	29,84
32,55	29,49
32,57	29,10
32,60	28,68
32,62	28,30
32,64	27,85
32,67	27,43
32,69	26,97
32,72	26,54
32,74	26,16
32,77	25,83
32,79	25,46
32,82	25,15
32,84	24,78
32,86	24,50
32,89	24,18
32,91	23,80
32,94	23,40
32,96	23,04
32,99	22,59
33,01	22,24
33,04	21,83
33,06	21,45
33,08	21,14
33,11	20,85
33,13	20,54
33,16	20,30
33,18	20,04
33,21	19,83
33,23	19,59
33,26	19,34
33,28	19,11
33,30	18,85
33,33	18,59
33,35	18,38
33,38	18,13
33,40	17,94
33,43	17,74
33,45	17,54
33,47	17,40
33,50	17,29
33,52	17,15
33,55	17,07
33,57	16,98
33,60	16,88
33,62	16,80
33,65	16,73
33,67	16,64
33,69	16,59
33,72	16,53
33,74	16,50
33,77	16,49
33,79	16,48
33,82	16,49
33,84	16,49
33,87	16,53
33,89	16,56
33,91	16,59
33,94	16,65
33,96	16,72
33,99	16,79
34,01	16,89
34,04	16,97
34,06	17,07
34,09	17,19
34,11	17,30
34,13	17,44
34,16	17,54
34,18	17,66
34,21	17,79
34,23	17,93
34,26	18,07
34,28	18,24
34,31	18,38
34,33	18,56
34,35	18,76
34,38	18,96
34,40	19,16
34,43	19,38
34,45	19,57
34,48	19,81
34,50	19,99
34,52	20,17
34,55	20,40
34,57	20,63
34,60	20,83
34,62	21,07
34,65	21,31
34,67	21,62
34,70	21,91
34,72	22,19
34,74	22,45
34,77	22,76
34,79	23,05
34,82	23,34
34,84	23,56
34,87	23,87
34,89	24,14
34,92	24,44
34,94	24,72
34,96	25,01
34,99	25,27
35,01	25,66
35,04	25,94
35,06	26,25
35,09	26,56
35,11	26,93
35,14	27,24
35,16	27,62
35,18	27,84
35,21	28,16
35,23	28,43
35,26	28,75
35,28	28,99
35,31	29,29
35,33	29,59
35,36	29,99
35,38	30,33
35,40	30,79
35,43	31,16
35,45	31,58
35,48	31,96
35,50	32,33
35,53	32,72
35,55	33,12
35,57	33,42
35,60	33,74
35,62	34,09
35,65	34,45
35,67	34,85
35,70	35,22
35,72	35,62
35,75	36,04
35,77	36,47
35,79	36,88
35,82	37,33
35,84	37,72
35,87	38,14
35,89	38,46
35,92	38,82
35,94	39,18
35,97	39,57
35,99	39,90
36,01	40,29
36,04	40,66
36,06	41,11
36,09	41,52
36,11	41,95
36,14	42,35
36,16	42,80
36,19	43,18
36,21	43,57
36,23	43,88
36,26	44,23
36,28	44,55
36,31	44,83
36,33	45,07
36,36	45,39
36,38	45,60
36,41	45,94
36,43	46,22
36,45	46,50
36,48	46,80
36,50	47,18
36,53	47,37
36,55	47,69
36,58	47,93
36,60	48,13
36,62	48,28
36,65	48,41
36,67	48,50
36,70	48,69
36,72	48,80
36,75	48,92
36,77	49,06
36,80	49,19
36,82	49,33
36,84	49,44
36,87	49,47
36,89	49,52
36,92	49,54
36,94	49,51
36,97	49,51
36,99	49,48
37,02	49,41
37,04	49,39
37,06	49,35
37,09	49,22
37,11	49,18
37,14	49,07
37,16	48,94
37,19	48,83
37,21	48,66
37,24	48,45
37,26	48,30
37,28	48,12
37,31	47,95
37,33	47,74
37,36	47,46
37,38	47,20
37,41	46,92
37,43	46,61
37,46	46,27
37,48	45,92
37,50	45,57
37,53	45,20
37,55	44,83
37,58	44,46
37,60	44,09
37,63	43,71
37,65	43,32
37,68	42,96
37,70	42,56
37,72	42,17
37,75	41,75
37,77	41,36
37,80	40,88
37,82	40,45
37,85	39,97
37,87	39,56
37,89	39,10
37,92	38,67
37,94	38,21
37,97	37,79
37,99	37,41
38,02	37,04
38,04	36,62
38,07	36,26
38,09	35,87
38,11	35,48
38,14	35,10
38,16	34,64
38,19	34,20
38,21	33,80
38,24	33,38
38,26	32,96
38,29	32,57
38,31	32,21
38,33	31,90
38,36	31,61
38,38	31,27
38,41	31,01
38,43	30,73
38,46	30,48
38,48	30,25
38,51	29,96
38,53	29,70
38,55	29,50
38,58	29,25
38,60	29,07
38,63	28,88
38,65	28,66
38,68	28,52
38,70	28,41
38,73	28,27
38,75	28,15
38,77	28,08
38,80	28,00
38,82	27,93
38,85	27,86
38,87	27,80
38,90	27,74
38,92	27,74
38,94	27,70
38,97	27,69
38,99	27,70
39,02	27,73
39,04	27,76
39,07	27,85
39,09	27,91
39,12	27,98
39,14	28,06
39,16	28,15
39,19	28,26
39,21	28,37
39,24	28,50
39,26	28,62
39,29	28,76
39,31	28,94
39,34	29,15
39,36	29,33
39,38	29,49
39,41	29,63
39,43	29,81
39,46	30,00
39,48	30,20
39,51	30,38
39,53	30,59
39,56	30,83
39,58	31,12
39,60	31,41
39,63	31,68
39,65	31,96
39,68	32,28
39,70	32,56
39,73	32,86
39,75	33,14
39,78	33,43
39,80	33,75
39,82	34,05
39,85	34,35
39,87	34,70
39,90	35,05
39,92	35,40
39,95	35,73
39,97	36,10
39,99	36,48
40,02	36,80
40,04	37,18
40,07	37,55
40,09	37,89
40,12	38,26
40,14	38,60
40,17	38,96
40,19	39,35
40,21	39,74
40,24	40,15
40,26	40,59
40,29	40,98
40,31	41,44
40,34	41,88
40,36	42,32
40,39	42,73
40,41	43,20
40,43	43,56
40,46	44,05
40,48	44,42
40,51	44,87
40,53	45,29
40,56	45,72
40,58	46,13
40,61	46,70
40,63	47,14
40,65	47,69
40,68	48,16
40,70	48,66
40,73	49,08
40,75	49,42
40,78	49,63
40,80	49,83
40,83	49,94
40,85	50,00
40,87	50,00
40,90	50,00
40,92	50,00
40,95	50,00
40,97	50,00
41,00	50,00
41,02	50,00
41,05	50,00
41,07	50,00
41,09	50,00
41,12	50,00
41,14	50,00
41,17	50,00
41,19	50,00
41,22	50,00
41,24	50,00
41,26	50,00
41,29	50,00
41,31	50,00
41,34	50,00
41,36	50,00
41,39	50,00
41,41	50,00
41,44	50,00
41,46	50,00
41,48	50,00
41,51	50,00
41,53	50,00
41,56	50,00
41,58	50,00
41,61	50,00
41,63	50,00
41,66	50,00
41,68	50,00
41,70	50,00
41,73	50,00
41,75	50,00
41,78	50,00
41,80	50,00
41,83	50,00
41,85	50,00
41,88	50,00
41,90	50,00
41,92	50,00
41,95	50,00
41,97	50,00
42,00	50,00
42,02	50,00
42,05	50,00
42,07	50,00
42,10	50,00
42,12	50,00
42,14	50,00
42,17	50,00
42,19	50,00
42,22	50,00
42,24	50,00
42,27	50,00
42,29	50,00
42,31	50,00
42,34	50,00
42,36	50,00
42,39	50,00
42,41	50,00
42,44	50,00
42,46	50,00
42,49	50,00
42,51	50,00
42,53	50,00
42,56	50,00
42,58	50,00
42,61	50,00
42,63	50,00
42,66	50,00
42,68	50,00
42,71	50,00
42,73	50,00
42,75	50,00
42,78	50,00
42,80	50,00
42,83	50,00
42,85	50,00
42,88	50,00
42,90	50,00
42,93	50,00
42,95	50,00
42,97	50,00
43,00	50,00
43,02	50,00
43,05	50,00
43,07	50,00
43,10	50,00
43,12	50,00
43,15	50,00
43,17	50,00
43,19	50,00
43,22	50,00
43,24	50,00
43,27	50,00
43,29	50,00
43,32	50,00
43,34	50,00
43,36	50,00
43,39	50,00
43,41	50,00
43,44	50,00
43,46	50,00
43,49	50,00
43,51	50,00
43,54	50,00
43,56	50,00
43,58	50,00
43,61	50,00
43,63	50,00
43,66	50,00
43,68	50,00
43,71	50,00
43,73	50,00
43,76	50,00
43,78	50,00
43,80	50,00
43,83	49,98
43,85	49,90
43,88	49,81
43,90	49,75
43,93	49,65
43,95	49,54
43,98	49,45
44,00	49,37
44,02	49,33
44,05	49,32
44,07	49,28
44,10	49,27
44,12	49,27
44,15	49,26
44,17	49,26
44,20	49,28
44,22	49,31
44,24	49,35
44,27	49,40
44,29	49,48
44,32	49,57
44,34	49,65
44,37	49,74
44,39	49,81
44,41	49,88
44,44	49,94
44,46	49,96
44,49	49,98
44,51	50,00
44,54	50,00
44,56	50,00
44,59	50,00
44,61	50,00
44,63	50,00
44,66	50,00
44,68	50,00
44,71	50,00
44,73	50,00
44,76	50,00
44,78	50,00
44,81	50,00
44,83	50,00
44,85	50,00
44,88	50,00
44,90	50,00
44,93	50,00
44,95	50,00
44,98	50,00
45,00	50,00
45,03	50,00
45,05	50,00
45,07	50,00
45,10	50,00
45,12	50,00
45,15	50,00
45,17	50,00
45,20	50,00
45,22	50,00
45,25	50,00
45,27	50,00
45,29	50,00
45,32	50,00
45,34	50,00
45,37	50,00
45,39	50,00
45,42	50,00
45,44	50,00
45,47	50,00
45,49	50,00
45,51	50,00
45,54	50,00
45,56	50,00
45,59	50,00
45,61	50,00
45,64	50,00
45,66	50,00
45,68	50,00
45,71	50,00
45,73	50,00
45,76	50,00
45,78	50,00
45,81	50,00
45,83	50,00
45,86	50,00
45,88	50,00
45,90	50,00
45,93	50,00
45,95	50,00
45,98	50,00
46,00	50,00
46,03	50,00
46,05	50,00
46,08	50,00
46,10	50,00
46,12	50,00
46,15	50,00
46,17	50,00
46,20	50,00
46,22	50,00
46,25	50,00
46,27	50,00
46,30	50,00
46,32	50,00
46,34	50,00
46,37	50,00
46,39	50,00
46,42	50,00
46,44	50,00
46,47	50,00
46,49	50,00
46,52	50,00
46,54	50,00
46,56	50,00
46,59	50,00
46,61	50,00
46,64	50,00
46,66	50,00
46,69	50,00
46,71	50,00
46,73	50,00
46,76	50,00
46,78	50,00
46,81	50,00
46,83	50,00
46,86	50,00
46,88	50,00
46,91	50,00
46,93	50,00
46,95	50,00
46,98	50,00
47,00	50,00
47,03	50,00
47,05	50,00
47,08	50,00
47,10	50,00
47,13	50,00
47,15	50,00
47,17	50,00
47,20	50,00
47,22	50,00
47,25	50,00
47,27	50,00
47,30	50,00
47,32	50,00
47,35	50,00
47,37	50,00
47,39	50,00
47,42	50,00
47,44	50,00
47,47	50,00
47,49	50,00
47,52	50,00
47,54	50,00
47,57	50,00
47,59	50,00
47,61	50,00
47,64	50,00
47,66	50,00
47,69	50,00
47,71	50,00
47,74	50,00
47,76	50,00
47,78	50,00
47,81	50,00
47,83	50,00
47,86	50,00
47,88	50,00
47,91	50,00
47,93	50,00
47,96	50,00
47,98	50,00
48,00	50,00
48,03	50,00
48,05	50,00
48,08	50,00
48,10	50,00
48,13	50,00
48,15	50,00
48,18	50,00
48,20	50,00
48,22	50,00
48,25	50,00
48,27	50,00
48,30	50,00
48,32	50,00
48,35	50,00
48,37	50,00
48,40	50,00
48,42	50,00
48,44	50,00
48,47	50,00
48,49	50,00
48,52	50,00
48,54	50,00
48,57	50,00
48,59	50,00
48,62	50,00
48,64	50,00
48,66	50,00
48,69	50,00
48,71	50,00
48,74	50,00
48,76	50,00
48,79	50,00
48,81	50,00
48,84	50,00
48,86	50,00
48,88	50,00
48,91	50,00
48,93	50,00
48,96	50,00
48,98	50,00
49,01	50,00
49,03	50,00
49,05	50,00
49,08	50,00
49,10	50,00
49,13	50,00
49,15	50,00
49,18	50,00
49,20	50,00
49,23	50,00
49,25	50,00
49,27	50,00
49,30	50,00
49,32	50,00
49,35	50,00
49,37	50,00
49,40	50,00
49,42	50,00
49,45	50,00
49,47	50,00
49,49	50,00
49,52	50,00
49,54	50,00
49,57	50,00
49,59	50,00
49,62	50,00
49,64	50,00
49,67	50,00
49,69	50,00
49,71	50,00
49,74	50,00
49,76	50,00
49,79	50,00
49,81	50,00
49,84	50,00
49,86	50,00
49,89	50,00
49,91	50,00
49,93	50,00
49,96	50,00
49,98	50,00
50,01	50,00
50,03	50,00
50,06	50,00
50,08	50,00
50,10	50,00
50,13	50,00
50,15	50,00
50,18	50,00
50,20	50,00
50,23	50,00
50,25	50,00
50,28	50,00
50,30	50,00
50,32	50,00
50,35	50,00
50,37	50,00
50,40	50,00
50,42	50,00
50,45	50,00
50,47	50,00
50,50	50,00
50,52	50,00
50,54	50,00
50,57	50,00
50,59	50,00
50,62	50,00
50,64	50,00
50,67	50,00
50,69	50,00
50,72	50,00
50,74	50,00
50,76	50,00
50,79	50,00
50,81	50,00
50,84	50,00
50,86	50,00
50,89	50,00
50,91	50,00
50,94	50,00
50,96	50,00
50,98	50,00
51,01	50,00
51,03	50,00
51,06	50,00
51,08	50,00
51,11	50,00
51,13	50,00
51,15	50,00
51,18	50,00
51,20	50,00
51,23	50,00
51,25	50,00
51,28	50,00
51,30	50,00
51,33	50,00
51,35	50,00
51,37	50,00
51,40	50,00
51,42	50,00
51,45	50,00
51,47	50,00
51,50	50,00
51,52	50,00
51,55	50,00
51,57	50,00
51,59	50,00
51,62	50,00
51,64	50,00
51,67	50,00
51,69	50,00
51,72	50,00
51,74	50,00
51,77	50,00
51,79	50,00
51,81	50,00
51,84	50,00
51,86	50,00
51,89	50,00
51,91	50,00
51,94	50,00
51,96	50,00
51,99	50,00
52,01	50,00
52,03	50,00
52,06	50,00
52,08	50,00
52,11	50,00
52,13	50,00
52,16	50,00
52,18	50,00
52,20	50,00
52,23	50,00
52,25	50,00
52,28	50,00
52,30	50,00
52,33	50,00
52,35	50,00
52,38	50,00
52,40	50,00
52,42	50,00
52,45	50,00
52,47	50,00
52,50	50,00
52,52	50,00
52,55	50,00
52,57	50,00
52,60	50,00
52,62	50,00
52,64	50,00
52,67	50,00
52,69	50,00
52,72	50,00
52,74	50,00
52,77	50,00
52,79	50,00
52,82	50,00
52,84	50,00
52,86	50,00
52,89	50,00
52,91	50,00
52,94	50,00
52,96	50,00
52,99	50,00
53,01	50,00
53,04	50,00
53,06	50,00
53,08	50,00
53,11	50,00
53,13	50,00
53,16	50,00
53,18	50,00
53,21	50,00
53,23	50,00
53,26	50,00
53,28	50,00
53,30	50,00
53,33	50,00
53,35	50,00
53,38	50,00
53,40	50,00
53,43	50,00
53,45	50,00
53,47	50,00
53,50	50,00
53,52	50,00
53,55	50,00
53,57	50,00
53,60	50,00
53,62	50,00
53,65	50,00
53,67	50,00
53,69	50,00
53,72	50,00
53,74	50,00
53,77	50,00
53,79	50,00
53,82	50,00
53,84	50,00
53,87	50,00
53,89	50,00
53,91	50,00
53,94	50,00
53,96	50,00
53,99	50,00
54,01	50,00
54,04	50,00
54,06	50,00
54,09	50,00
54,11	50,00
54,13	50,00
54,16	50,00
54,18	50,00
54,21	50,00
54,23	50,00
54,26	50,00
54,28	50,00
54,31	50,00
54,33	50,00
54,35	50,00
54,38	50,00
54,40	50,00
54,43	50,00
54,45	50,00
54,48	50,00
54,50	50,00
54,52	50,00
54,55	50,00
54,57	50,00
54,60	50,00
54,62	50,00
54,65	50,00
54,67	50,00
54,70	50,00
54,72	50,00
54,74	50,00
54,77	50,00
54,79	50,00
54,82	50,00
54,84	50,00
54,87	50,00
54,89	50,00
54,92	50,00
54,94	50,00
54,96	50,00
54,99	50,00
55,01	50,00
55,04	50,00
55,06	50,00
55,09	50,00
55,11	50,00
55,14	50,00
55,16	50,00
55,18	50,00
55,21	50,00
55,23	50,00
55,26	50,00
55,28	50,00
55,31	50,00
55,33	50,00
55,36	50,00
55,38	50,00
55,40	50,00
55,43	50,00
55,45	50,00
55,48	50,00
55,50	50,00
55,53	50,00
55,55	50,00
55,57	50,00
55,60	50,00
55,62	50,00
55,65	50,00
55,67	50,00
55,70	50,00
55,72	50,00
55,75	50,00
55,77	50,00
55,79	50,00
55,82	50,00
55,84	50,00
55,87	50,00
55,89	50,00
55,92	50,00
55,94	50,00
55,97	50,00
55,99	50,00
56,01	50,00
56,04	50,00
56,06	50,00
56,09	50,00
56,11	50,00
56,14	50,00
56,16	50,00
56,19	50,00
56,21	50,00
56,23	50,00
56,26	50,00
56,28	50,00
56,31	50,00
56,33	50,00
56,36	50,00
56,38	50,00
56,41	50,00
56,43	50,00
56,45	50,00
56,48	50,00
56,50	50,00
56,53	50,00
56,55	50,00
56,58	50,00
56,60	50,00
56,62	50,00
56,65	50,00
56,67	50,00
56,70	50,00
56,72	50,00
56,75	50,00
56,77	50,00
56,80	50,00
56,82	50,00
56,84	50,00
56,87	50,00
56,89	50,00
56,92	50,00
56,94	50,00
56,97	50,00
56,99	50,00
57,02	50,00
57,04	50,00
57,06	50,00
57,09	50,00
57,11	50,00
57,14	50,00
57,16	50,00
57,19	50,00
57,21	50,00
57,24	50,00
57,26	50,00
57,28	50,00
57,31	50,00
57,33	50,00
57,36	50,00
57,38	50,00
57,41	50,00
57,43	50,00
57,46	50,00
57,48	50,00
57,50	50,00
57,53	50,00
57,55	50,00
57,58	50,00
57,60	50,00
57,63	50,00
57,65	50,00
57,68	50,00
57,70	50,00
57,72	50,00
57,75	50,00
57,77	50,00
57,80	50,00
57,82	50,00
57,85	50,00
57,87	50,00
57,89	50,00
57,92	50,00
57,94	50,00
57,97	50,00
57,99	50,00
58,02	50,00
58,04	50,00
58,07	50,00
58,09	50,00
58,11	50,00
58,14	50,00
58,16	50,00
58,19	50,00
58,21	50,00
58,24	50,00
58,26	50,00
58,29	50,00
58,31	50,00
58,33	50,00
58,36	50,00
58,38	50,00
58,41	50,00
58,43	50,00
58,46	50,00
58,48	50,00
58,51	50,00
58,53	50,00
58,55	50,00
58,58	50,00
58,60	50,00
58,63	50,00
58,65	50,00
58,68	50,00
58,70	50,00
58,73	50,00
58,75	50,00
58,77	50,00
58,80	50,00
58,82	50,00
58,85	50,00
58,87	50,00
58,90	50,00
58,92	50,00
58,94	50,00
58,97	50,00
58,99	50,00
59,02	50,00
59,04	50,00
59,07	50,00
59,09	50,00
59,12	50,00
59,14	50,00
59,16	50,00
59,19	50,00
59,21	50,00
59,24	50,00
59,26	50,00
59,29	50,00
59,31	50,00
59,34	50,00
59,36	50,00
59,38	50,00
59,41	50,00
59,43	50,00
59,46	50,00
59,48	50,00
59,51	50,00
59,53	50,00
59,56	50,00
59,58	50,00
59,60	50,00
59,63	50,00
59,65	50,00
59,68	50,00
59,70	50,00
59,73	50,00
59,75	50,00
59,78	50,00
59,80	50,00
59,82	50,00
59,85	50,00
59,87	50,00
59,90	50,00
59,92	50,00
59,95	50,00
59,97	50,00
59,99	50,00
