Voltage U1	Corriente IA
U1/V	IA/nA

0,02	0,50
0,04	0,50
0,07	0,51
0,09	0,49
0,12	0,49
0,14	0,50
0,17	0,51
0,19	0,50
0,21	0,50
0,24	0,49
0,26	0,51
0,29	0,52
0,31	0,50
0,34	0,51
0,36	0,51
0,39	0,51
0,41	0,52
0,43	0,51
0,46	0,51
0,48	0,51
0,51	0,50
0,53	0,51
0,56	0,50
0,58	0,50
0,61	0,52
0,63	0,53
0,65	0,52
0,68	0,53
0,70	0,51
0,73	0,54
0,75	0,52
0,78	0,52
0,80	0,51
0,83	0,51
0,85	0,49
0,87	0,52
0,90	0,50
0,92	0,52
0,95	0,50
0,97	0,51
1,00	0,51
1,02	0,53
1,05	0,51
1,07	0,52
1,09	0,51
1,12	0,51
1,14	0,52
1,17	0,51
1,19	0,50
1,22	0,51
1,24	0,49
1,26	0,52
1,29	0,51
1,31	0,51
1,34	0,52
1,36	0,52
1,39	0,51
1,41	0,52
1,44	0,50
1,46	0,51
1,48	0,49
1,51	0,49
1,53	0,49
1,56	0,48
1,58	0,47
1,61	0,50
1,63	0,48
1,66	0,50
1,68	0,50
1,70	0,50
1,73	0,51
1,75	0,52
1,78	0,49
1,80	0,50
1,83	0,49
1,85	0,50
1,88	0,51
1,90	0,51
1,92	0,51
1,95	0,52
1,97	0,51
2,00	0,53
2,02	0,53
2,05	0,50
2,07	0,51
2,10	0,50
2,12	0,50
2,14	0,50
2,17	0,49
2,19	0,49
2,22	0,50
2,24	0,50
2,27	0,51
2,29	0,50
2,31	0,50
2,34	0,51
2,36	0,51
2,39	0,51
2,41	0,51
2,44	0,50
2,46	0,52
2,49	0,51
2,51	0,50
2,53	0,50
2,56	0,50
2,58	0,49
2,61	0,51
2,63	0,49
2,66	0,50
2,68	0,50
2,71	0,51
2,73	0,51
2,75	0,52
2,78	0,50
2,80	0,53
2,83	0,52
2,85	0,52
2,88	0,52
2,90	0,51
2,93	0,50
2,95	0,51
2,97	0,50
3,00	0,50
3,02	0,48
3,05	0,48
3,07	0,49
3,10	0,50
3,12	0,49
3,15	0,50
3,17	0,50
3,19	0,52
3,22	0,51
3,24	0,51
3,27	0,50
3,29	0,50
3,32	0,49
3,34	0,51
3,36	0,51
3,39	0,52
3,41	0,51
3,44	0,51
3,46	0,51
3,49	0,52
3,51	0,49
3,54	0,50
3,56	0,49
3,58	0,49
3,61	0,49
3,63	0,48
3,66	0,50
3,68	0,50
3,71	0,50
3,73	0,50
3,76	0,49
3,78	0,47
3,80	0,50
3,83	0,49
3,85	0,50
3,88	0,50
3,90	0,51
3,93	0,52
3,95	0,54
3,98	0,52
4,00	0,54
4,02	0,53
4,05	0,53
4,07	0,53
4,10	0,54
4,12	0,53
4,15	0,56
4,17	0,53
4,20	0,54
4,22	0,53
4,24	0,54
4,27	0,53
4,29	0,54
4,32	0,52
4,34	0,53
4,37	0,51
4,39	0,53
4,42	0,51
4,44	0,52
4,46	0,51
4,49	0,51
4,51	0,50
4,54	0,53
4,56	0,51
4,59	0,53
4,61	0,51
4,63	0,53
4,66	0,54
4,68	0,55
4,71	0,52
4,73	0,55
4,76	0,53
4,78	0,55
4,81	0,55
4,83	0,57
4,85	0,55
4,88	0,57
4,90	0,55
4,93	0,58
4,95	0,57
4,98	0,56
5,00	0,54
5,03	0,54
5,05	0,53
5,07	0,55
5,10	0,54
5,12	0,54
5,15	0,53
5,17	0,55
5,20	0,57
5,22	0,56
5,25	0,54
5,27	0,56
5,29	0,55
5,32	0,56
5,34	0,57
5,37	0,56
5,39	0,58
5,42	0,59
5,44	0,58
5,47	0,60
5,49	0,60
5,51	0,60
5,54	0,62
5,56	0,62
5,59	0,62
5,61	0,63
5,64	0,63
5,66	0,65
5,68	0,66
5,71	0,64
5,73	0,65
5,76	0,63
5,78	0,64
5,81	0,64
5,83	0,63
5,86	0,62
5,88	0,63
5,90	0,61
5,93	0,64
5,95	0,62
5,98	0,63
6,00	0,64
6,03	0,65
6,05	0,65
6,08	0,68
6,10	0,67
6,12	0,70
6,15	0,69
6,17	0,69
6,20	0,69
6,22	0,69
6,25	0,67
6,27	0,71
6,30	0,71
6,32	0,73
6,34	0,73
6,37	0,74
6,39	0,76
6,42	0,77
6,44	0,75
6,47	0,77
6,49	0,75
6,52	0,76
6,54	0,75
6,56	0,76
6,59	0,76
6,61	0,77
6,64	0,76
6,66	0,78
6,69	0,76
6,71	0,77
6,73	0,78
6,76	0,79
6,78	0,79
6,81	0,81
6,83	0,81
6,86	0,84
6,88	0,85
6,91	0,85
6,93	0,85
6,95	0,86
6,98	0,86
7,00	0,90
7,03	0,90
7,05	0,91
7,08	0,92
7,10	0,92
7,13	0,94
7,15	0,96
7,17	0,92
7,20	0,94
7,22	0,93
7,25	0,93
7,27	0,93
7,30	0,92
7,32	0,92
7,35	0,93
7,37	0,93
7,39	0,95
7,42	0,94
7,44	0,94
7,47	0,97
7,49	0,97
7,52	0,98
7,54	0,98
7,57	0,99
7,59	1,01
7,61	1,04
7,64	1,01
7,66	1,03
7,69	1,01
7,71	1,03
7,74	1,05
7,76	1,06
7,78	1,03
7,81	1,06
7,83	1,04
7,86	1,09
7,88	1,08
7,91	1,07
7,93	1,06
7,96	1,07
7,98	1,05
8,00	1,07
8,03	1,04
8,05	1,05
8,08	1,04
8,10	1,06
8,13	1,07
8,15	1,09
8,18	1,07
8,20	1,12
8,22	1,10
8,25	1,12
8,27	1,11
8,30	1,12
8,32	1,12
8,35	1,12
8,37	1,08
8,40	1,10
8,42	1,09
8,44	1,09
8,47	1,11
8,49	1,11
8,52	1,10
8,54	1,11
8,57	1,10
8,59	1,13
8,62	1,13
8,64	1,10
8,66	1,11
8,69	1,10
8,71	1,11
8,74	1,11
8,76	1,10
8,79	1,09
8,81	1,10
8,84	1,09
8,86	1,12
8,88	1,11
8,91	1,12
8,93	1,14
8,96	1,14
8,98	1,14
9,01	1,16
9,03	1,15
9,05	1,16
9,08	1,15
9,10	1,13
9,13	1,12
9,15	1,13
9,18	1,11
9,20	1,14
9,23	1,11
9,25	1,13
9,27	1,13
9,30	1,15
9,32	1,15
9,35	1,17
9,37	1,13
9,40	1,16
9,42	1,13
9,45	1,14
9,47	1,12
9,49	1,13
9,52	1,11
9,54	1,13
9,57	1,11
9,59	1,14
9,62	1,13
9,64	1,14
9,67	1,15
9,69	1,17
9,71	1,16
9,74	1,18
9,76	1,16
9,79	1,18
9,81	1,17
9,84	1,17
9,86	1,16
9,89	1,17
9,91	1,16
9,93	1,18
9,96	1,18
9,98	1,20
10,01	1,20
10,03	1,20
10,06	1,22
10,08	1,22
10,10	1,22
10,13	1,23
10,15	1,21
10,18	1,22
10,20	1,22
10,23	1,22
10,25	1,23
10,28	1,23
10,30	1,22
10,32	1,25
10,35	1,26
10,37	1,28
10,40	1,30
10,42	1,31
10,45	1,32
10,47	1,33
10,50	1,33
10,52	1,33
10,54	1,35
10,57	1,33
10,59	1,35
10,62	1,36
10,64	1,37
10,67	1,39
10,69	1,40
10,72	1,41
10,74	1,43
10,76	1,43
10,79	1,47
10,81	1,47
10,84	1,48
10,86	1,49
10,89	1,48
10,91	1,49
10,94	1,51
10,96	1,50
10,98	1,53
11,01	1,54
11,03	1,57
11,06	1,60
11,08	1,62
11,11	1,64
11,13	1,68
11,15	1,68
11,18	1,71
11,20	1,71
11,23	1,73
11,25	1,74
11,28	1,77
11,30	1,76
11,33	1,80
11,35	1,80
11,37	1,83
11,40	1,86
11,42	1,89
11,45	1,90
11,47	1,93
11,50	1,94
11,52	2,00
11,55	2,01
11,57	2,03
11,59	2,04
11,62	2,05
11,64	2,08
11,67	2,11
11,69	2,11
11,72	2,14
11,74	2,15
11,77	2,17
11,79	2,21
11,81	2,21
11,84	2,22
11,86	2,24
11,89	2,25
11,91	2,28
11,94	2,30
11,96	2,32
11,99	2,35
12,01	2,37
12,03	2,37
12,06	2,39
12,08	2,39
12,11	2,40
12,13	2,41
12,16	2,39
12,18	2,40
12,21	2,41
12,23	2,41
12,25	2,45
12,28	2,46
12,30	2,45
12,33	2,47
12,35	2,45
12,38	2,47
12,40	2,46
12,42	2,46
12,45	2,44
12,47	2,44
12,50	2,42
12,52	2,46
12,55	2,44
12,57	2,45
12,60	2,43
12,62	2,44
12,64	2,43
12,67	2,45
12,69	2,41
12,72	2,42
12,74	2,39
12,77	2,40
12,79	2,38
12,82	2,37
12,84	2,33
12,86	2,35
12,89	2,32
12,91	2,34
12,94	2,31
12,96	2,31
12,99	2,33
13,01	2,33
13,04	2,30
13,06	2,31
13,08	2,26
13,11	2,25
13,13	2,22
13,16	2,20
13,18	2,19
13,21	2,18
13,23	2,15
13,26	2,18
13,28	2,15
13,30	2,13
13,33	2,11
13,35	2,10
13,38	2,10
13,40	2,09
13,43	2,06
13,45	2,06
13,47	2,05
13,50	2,04
13,52	2,04
13,55	2,00
13,57	1,99
13,60	1,99
13,62	1,97
13,65	1,97
13,67	1,96
13,69	1,94
13,72	1,97
13,74	1,96
13,77	1,95
13,79	1,94
13,82	1,92
13,84	1,91
13,87	1,90
13,89	1,86
13,91	1,86
13,94	1,84
13,96	1,84
13,99	1,84
14,01	1,84
14,04	1,84
14,06	1,86
14,09	1,84
14,11	1,86
14,13	1,85
14,16	1,86
14,18	1,84
14,21	1,85
14,23	1,83
14,26	1,86
14,28	1,83
14,31	1,85
14,33	1,85
14,35	1,86
14,38	1,86
14,40	1,87
14,43	1,86
14,45	1,91
14,48	1,90
14,50	1,92
14,52	1,92
14,55	1,93
14,57	1,93
14,60	1,96
14,62	1,95
14,65	1,97
14,67	1,95
14,70	1,97
14,72	1,99
14,74	2,00
14,77	2,00
14,79	2,02
14,82	2,02
14,84	2,06
14,87	2,07
14,89	2,09
14,92	2,11
14,94	2,14
14,96	2,15
14,99	2,19
15,01	2,19
15,04	2,22
15,06	2,24
15,09	2,26
15,11	2,28
15,14	2,31
15,16	2,32
15,18	2,37
15,21	2,39
15,23	2,42
15,26	2,45
15,28	2,49
15,31	2,51
15,33	2,55
15,36	2,56
15,38	2,60
15,40	2,61
15,43	2,63
15,45	2,65
15,48	2,69
15,50	2,72
15,53	2,76
15,55	2,80
15,57	2,86
15,60	2,91
15,62	2,94
15,65	2,99
15,67	3,02
15,70	3,05
15,72	3,10
15,75	3,12
15,77	3,15
15,79	3,20
15,82	3,24
15,84	3,29
15,87	3,33
15,89	3,36
15,92	3,42
15,94	3,46
15,97	3,49
15,99	3,54
16,01	3,58
16,04	3,62
16,06	3,66
16,09	3,71
16,11	3,75
16,14	3,79
16,16	3,83
16,19	3,91
16,21	3,95
16,23	4,01
16,26	4,04
16,28	4,11
16,31	4,17
16,33	4,23
16,36	4,26
16,38	4,32
16,41	4,36
16,43	4,42
16,45	4,48
16,48	4,52
16,50	4,55
16,53	4,61
16,55	4,64
16,58	4,71
16,60	4,75
16,63	4,78
16,65	4,84
16,67	4,88
16,70	4,92
16,72	4,97
16,75	4,99
16,77	5,03
16,80	5,05
16,82	5,07
16,84	5,10
16,87	5,10
16,89	5,11
16,92	5,13
16,94	5,14
16,97	5,15
16,99	5,17
17,02	5,17
17,04	5,20
17,06	5,20
17,09	5,18
17,11	5,19
17,14	5,18
17,16	5,17
17,19	5,17
17,21	5,14
17,24	5,12
17,26	5,09
17,28	5,07
17,31	5,05
17,33	5,02
17,36	4,96
17,38	4,94
17,41	4,88
17,43	4,86
17,46	4,82
17,48	4,78
17,50	4,72
17,53	4,69
17,55	4,63
17,58	4,62
17,60	4,52
17,63	4,49
17,65	4,43
17,68	4,41
17,70	4,33
17,72	4,30
17,75	4,23
17,77	4,21
17,80	4,14
17,82	4,10
17,85	4,03
17,87	4,00
17,89	3,93
17,92	3,91
17,94	3,85
17,97	3,82
17,99	3,74
18,02	3,70
18,04	3,64
18,07	3,60
18,09	3,52
18,11	3,50
18,14	3,42
18,16	3,39
18,19	3,34
18,21	3,31
18,24	3,26
18,26	3,23
18,29	3,17
18,31	3,16
18,33	3,09
18,36	3,05
18,38	3,02
18,41	2,99
18,43	2,95
18,46	2,92
18,48	2,88
18,51	2,89
18,53	2,87
18,55	2,83
18,58	2,81
18,60	2,80
18,63	2,77
18,65	2,78
18,68	2,75
18,70	2,73
18,73	2,71
18,75	2,70
18,77	2,70
18,80	2,69
18,82	2,67
18,85	2,67
18,87	2,65
18,90	2,65
18,92	2,64
18,94	2,63
18,97	2,64
18,99	2,64
19,02	2,64
19,04	2,64
19,07	2,63
19,09	2,64
19,12	2,67
19,14	2,67
19,16	2,68
19,19	2,70
19,21	2,71
19,24	2,73
19,26	2,75
19,29	2,75
19,31	2,78
19,34	2,78
19,36	2,81
19,38	2,85
19,41	2,88
19,43	2,89
19,46	2,92
19,48	2,94
19,51	2,99
19,53	3,01
19,56	3,03
19,58	3,06
19,60	3,08
19,63	3,10
19,65	3,15
19,68	3,16
19,70	3,21
19,73	3,24
19,75	3,29
19,78	3,35
19,80	3,40
19,82	3,44
19,85	3,51
19,87	3,54
19,90	3,60
19,92	3,64
19,95	3,69
19,97	3,74
19,99	3,79
20,02	3,81
20,04	3,87
20,07	3,92
20,09	3,97
20,12	4,04
20,14	4,11
20,17	4,16
20,19	4,23
20,21	4,28
20,24	4,35
20,26	4,41
20,29	4,45
20,31	4,50
20,34	4,55
20,36	4,62
20,39	4,68
20,41	4,74
20,43	4,81
20,46	4,88
20,48	4,95
20,51	5,04
20,53	5,09
20,56	5,16
20,58	5,23
20,61	5,30
20,63	5,36
20,65	5,44
20,68	5,49
20,70	5,58
20,73	5,65
20,75	5,73
20,78	5,81
20,80	5,88
20,83	5,96
20,85	6,07
20,87	6,15
20,90	6,23
20,92	6,28
20,95	6,36
20,97	6,45
21,00	6,53
21,02	6,57
21,05	6,66
21,07	6,73
21,09	6,82
21,12	6,90
21,14	6,99
21,17	7,07
21,19	7,17
21,22	7,25
21,24	7,35
21,26	7,40
21,29	7,49
21,31	7,58
21,34	7,66
21,36	7,73
21,39	7,81
21,41	7,88
21,44	7,99
21,46	8,06
21,48	8,13
21,51	8,20
21,53	8,27
21,56	8,34
21,58	8,41
21,61	8,46
21,63	8,52
21,66	8,55
21,68	8,58
21,70	8,62
21,73	8,65
21,75	8,66
21,78	8,70
21,80	8,70
21,83	8,71
21,85	8,72
21,88	8,70
21,90	8,70
21,92	8,68
21,95	8,66
21,97	8,66
22,00	8,62
22,02	8,59
22,05	8,59
22,07	8,54
22,10	8,50
22,12	8,44
22,14	8,35
22,17	8,29
22,19	8,22
22,22	8,11
22,24	8,04
22,27	7,93
22,29	7,85
22,31	7,79
22,34	7,73
22,36	7,64
22,39	7,57
22,41	7,46
22,44	7,39
22,46	7,27
22,49	7,16
22,51	7,02
22,53	6,90
22,56	6,75
22,58	6,66
22,61	6,51
22,63	6,43
22,66	6,30
22,68	6,22
22,71	6,12
22,73	6,05
22,75	5,93
22,78	5,88
22,80	5,74
22,83	5,65
22,85	5,53
22,88	5,44
22,90	5,32
22,93	5,23
22,95	5,09
22,97	5,03
23,00	4,93
23,02	4,86
23,05	4,79
23,07	4,72
23,10	4,64
23,12	4,59
23,15	4,50
23,17	4,47
23,19	4,38
23,22	4,31
23,24	4,24
23,27	4,17
23,29	4,11
23,32	4,06
23,34	3,99
23,36	3,96
23,39	3,89
23,41	3,86
23,44	3,84
23,46	3,81
23,49	3,78
23,51	3,78
23,54	3,74
23,56	3,73
23,58	3,71
23,61	3,68
23,63	3,67
23,66	3,67
23,68	3,62
23,71	3,63
23,73	3,61
23,76	3,61
23,78	3,62
23,80	3,62
23,83	3,64
23,85	3,66
23,88	3,67
23,90	3,71
23,93	3,73
23,95	3,75
23,98	3,78
24,00	3,78
24,02	3,81
24,05	3,83
24,07	3,84
24,10	3,87
24,12	3,88
24,15	3,91
24,17	3,96
24,20	3,99
24,22	4,03
24,24	4,10
24,27	4,15
24,29	4,21
24,32	4,26
24,34	4,31
24,37	4,37
24,39	4,41
24,42	4,44
24,44	4,50
24,46	4,55
24,49	4,60
24,51	4,67
24,54	4,72
24,56	4,80
24,59	4,85
24,61	4,92
24,63	5,02
24,66	5,10
24,68	5,16
24,71	5,25
24,73	5,29
24,76	5,36
24,78	5,42
24,81	5,48
24,83	5,55
24,85	5,62
24,88	5,68
24,90	5,79
24,93	5,88
24,95	5,97
24,98	6,09
25,00	6,19
25,03	6,28
25,05	6,38
25,07	6,45
25,10	6,53
25,12	6,62
25,15	6,67
25,17	6,76
25,20	6,83
25,22	6,91
25,25	7,01
25,27	7,12
25,29	7,22
25,32	7,33
25,34	7,43
25,37	7,58
25,39	7,69
25,42	7,79
25,44	7,87
25,47	7,93
25,49	8,01
25,51	8,11
25,54	8,18
25,56	8,29
25,59	8,38
25,61	8,51
25,64	8,64
25,66	8,78
25,68	8,89
25,71	9,03
25,73	9,14
25,76	9,29
25,78	9,39
25,81	9,49
25,83	9,58
25,86	9,70
25,88	9,78
25,90	9,90
25,93	9,97
25,95	10,10
25,98	10,22
26,00	10,36
26,03	10,48
26,05	10,62
26,08	10,73
26,10	10,90
26,12	11,00
26,15	11,10
26,17	11,20
26,20	11,28
26,22	11,37
26,25	11,48
26,27	11,54
26,30	11,67
26,32	11,75
26,34	11,87
26,37	11,99
26,39	12,10
26,42	12,18
26,44	12,29
26,47	12,35
26,49	12,44
26,52	12,50
26,54	12,56
26,56	12,60
26,59	12,65
26,61	12,66
26,64	12,72
26,66	12,71
26,69	12,74
26,71	12,75
26,73	12,75
26,76	12,75
26,78	12,75
26,81	12,73
26,83	12,78
26,86	12,73
26,88	12,70
26,91	12,65
26,93	12,58
26,95	12,52
26,98	12,45
27,00	12,33
27,03	12,25
27,05	12,13
27,08	12,04
27,10	11,96
27,13	11,84
27,15	11,73
27,17	11,62
27,20	11,51
27,22	11,41
27,25	11,30
27,27	11,18
27,30	11,06
27,32	10,92
27,35	10,76
27,37	10,61
27,39	10,44
27,42	10,27
27,44	10,12
27,47	9,93
27,49	9,78
27,52	9,62
27,54	9,49
27,57	9,36
27,59	9,22
27,61	9,03
27,64	8,91
27,66	8,73
27,69	8,58
27,71	8,40
27,74	8,22
27,76	8,04
27,78	7,89
27,81	7,71
27,83	7,59
27,86	7,44
27,88	7,32
27,91	7,18
27,93	7,08
27,96	6,97
27,98	6,86
28,00	6,74
28,03	6,63
28,05	6,50
28,08	6,39
28,10	6,27
28,13	6,16
28,15	6,04
28,18	5,96
28,20	5,86
28,22	5,80
28,25	5,73
28,27	5,67
28,30	5,64
28,32	5,60
28,35	5,53
28,37	5,50
28,40	5,44
28,42	5,40
28,44	5,35
28,47	5,31
28,49	5,27
28,52	5,24
28,54	5,22
28,57	5,21
28,59	5,20
28,62	5,19
28,64	5,19
28,66	5,19
28,69	5,21
28,71	5,22
28,74	5,22
28,76	5,24
28,79	5,25
28,81	5,27
28,84	5,31
28,86	5,32
28,88	5,35
28,91	5,39
28,93	5,42
28,96	5,46
28,98	5,50
29,01	5,52
29,03	5,58
29,05	5,64
29,08	5,68
29,10	5,74
29,13	5,81
29,15	5,86
29,18	5,93
29,20	5,99
29,23	6,06
29,25	6,12
29,27	6,18
29,30	6,25
29,32	6,32
29,35	6,39
29,37	6,47
29,40	6,54
29,42	6,63
29,45	6,72
29,47	6,81
29,49	6,91
29,52	7,02
29,54	7,12
29,57	7,23
29,59	7,32
29,62	7,41
29,64	7,49
29,67	7,58
29,69	7,67
29,71	7,77
29,74	7,82
29,76	7,96
29,79	8,06
29,81	8,19
29,84	8,30
29,86	8,42
29,89	8,53
29,91	8,68
29,93	8,77
29,96	8,90
29,98	8,98
30,01	9,10
30,03	9,21
30,06	9,32
30,08	9,44
30,10	9,57
30,13	9,69
30,15	9,85
30,18	9,99
30,20	10,12
30,23	10,26
30,25	10,38
30,28	10,53
30,30	10,65
30,32	10,78
30,35	10,89
30,37	11,03
30,40	11,15
30,42	11,29
30,45	11,42
30,47	11,57
30,50	11,73
30,52	11,88
30,54	12,02
30,57	12,19
30,59	12,33
30,62	12,50
30,64	12,64
30,67	12,79
30,69	12,93
30,72	13,07
30,74	13,21
30,76	13,37
30,79	13,50
30,81	13,65
30,84	13,80
30,86	13,97
30,89	14,14
30,91	14,30
30,94	14,44
30,96	14,63
30,98	14,78
31,01	14,92
31,03	15,06
31,06	15,20
31,08	15,33
31,11	15,48
31,13	15,59
31,15	15,74
31,18	15,88
31,20	16,02
31,23	16,16
31,25	16,31
31,28	16,43
31,30	16,58
31,33	16,69
31,35	16,81
31,37	16,90
31,40	17,01
31,42	17,09
31,45	17,16
31,47	17,22
31,50	17,31
31,52	17,37
31,55	17,44
31,57	17,48
31,59	17,54
31,62	17,58
31,64	17,61
31,67	17,59
31,69	17,61
31,72	17,58
31,74	17,57
31,77	17,55
31,79	17,53
31,81	17,49
31,84	17,45
31,86	17,39
31,89	17,36
31,91	17,27
31,94	17,19
31,96	17,09
31,99	16,99
32,01	16,88
32,03	16,77
32,06	16,63
32,08	16,53
32,11	16,39
32,13	16,27
32,16	16,14
32,18	16,01
32,20	15,88
32,23	15,74
32,25	15,54
32,28	15,37
32,30	15,20
32,33	15,03
32,35	14,85
32,38	14,64
32,40	14,46
32,42	14,29
32,45	14,13
32,47	13,94
32,50	13,78
32,52	13,58
32,55	13,42
32,57	13,20
32,60	13,01
32,62	12,80
32,64	12,58
32,67	12,32
32,69	12,12
32,72	11,88
32,74	11,72
32,77	11,52
32,79	11,34
32,82	11,16
32,84	11,02
32,86	10,82
32,89	10,68
32,91	10,46
32,94	10,28
32,96	10,10
32,99	9,95
33,01	9,76
33,04	9,62
33,06	9,45
33,08	9,34
33,11	9,20
33,13	9,06
33,16	8,93
33,18	8,82
33,21	8,70
33,23	8,63
33,26	8,52
33,28	8,43
33,30	8,34
33,33	8,27
33,35	8,19
33,38	8,13
33,40	8,04
33,43	8,00
33,45	7,92
33,47	7,88
33,50	7,82
33,52	7,78
33,55	7,74
33,57	7,71
33,60	7,67
33,62	7,67
33,65	7,64
33,67	7,64
33,69	7,64
33,72	7,65
33,74	7,65
33,77	7,67
33,79	7,68
33,82	7,70
33,84	7,72
33,87	7,73
33,89	7,77
33,91	7,80
33,94	7,83
33,96	7,91
33,99	7,97
34,01	8,02
34,04	8,09
34,06	8,13
34,09	8,22
34,11	8,28
34,13	8,32
34,16	8,38
34,18	8,44
34,21	8,49
34,23	8,57
34,26	8,62
34,28	8,72
34,31	8,80
34,33	8,90
34,35	9,00
34,38	9,12
34,40	9,21
34,43	9,35
34,45	9,44
34,48	9,56
34,50	9,65
34,52	9,76
34,55	9,84
34,57	9,95
34,60	10,03
34,62	10,15
34,65	10,25
34,67	10,39
34,70	10,55
34,72	10,70
34,74	10,83
34,77	10,99
34,79	11,12
34,82	11,30
34,84	11,42
34,87	11,54
34,89	11,66
34,92	11,78
34,94	11,90
34,96	12,05
34,99	12,17
35,01	12,33
35,04	12,48
35,06	12,65
35,09	12,84
35,11	13,01
35,14	13,18
35,16	13,35
35,18	13,49
35,21	13,63
35,23	13,78
35,26	13,91
35,28	14,05
35,31	14,18
35,33	14,32
35,36	14,49
35,38	14,67
35,40	14,83
35,43	15,04
35,45	15,21
35,48	15,40
35,50	15,58
35,53	15,78
35,55	15,94
35,57	16,11
35,60	16,24
35,62	16,43
35,65	16,57
35,67	16,73
35,70	16,87
35,72	17,05
35,75	17,24
35,77	17,43
35,79	17,59
35,82	17,80
35,84	17,99
35,87	18,20
35,89	18,37
35,92	18,52
35,94	18,68
35,97	18,86
35,99	19,02
36,01	19,18
36,04	19,33
36,06	19,48
36,09	19,66
36,11	19,85
36,14	20,00
36,16	20,18
36,19	20,34
36,21	20,50
36,23	20,64
36,26	20,77
36,28	20,90
36,31	21,02
36,33	21,11
36,36	21,22
36,38	21,30
36,41	21,44
36,43	21,54
36,45	21,64
36,48	21,72
36,50	21,80
36,53	21,84
36,55	21,93
36,58	21,96
36,60	21,99
36,62	22,03
36,65	22,05
36,67	22,05
36,70	22,07
36,72	22,05
36,75	22,05
36,77	22,04
36,80	21,99
36,82	21,98
36,84	21,94
36,87	21,89
36,89	21,88
36,92	21,81
36,94	21,78
36,97	21,72
36,99	21,65
37,02	21,58
37,04	21,50
37,06	21,37
37,09	21,28
37,11	21,11
37,14	20,98
37,16	20,82
37,19	20,67
37,21	20,52
37,24	20,37
37,26	20,19
37,28	20,06
37,31	19,90
37,33	19,73
37,36	19,60
37,38	19,43
37,41	19,26
37,43	19,08
37,46	18,87
37,48	18,67
37,50	18,47
37,53	18,22
37,55	18,01
37,58	17,76
37,60	17,55
37,63	17,35
37,65	17,16
37,68	16,96
37,70	16,78
37,72	16,55
37,75	16,42
37,77	16,21
37,80	16,00
37,82	15,77
37,85	15,55
37,87	15,33
37,89	15,14
37,92	14,91
37,94	14,71
37,97	14,50
37,99	14,33
38,02	14,17
38,04	14,01
38,07	13,84
38,09	13,71
38,11	13,54
38,14	13,41
38,16	13,24
38,19	13,09
38,21	12,93
38,24	12,80
38,26	12,62
38,29	12,53
38,31	12,39
38,33	12,29
38,36	12,19
38,38	12,11
38,41	12,01
38,43	11,94
38,46	11,84
38,48	11,81
38,51	11,73
38,53	11,66
38,55	11,60
38,58	11,54
38,60	11,49
38,63	11,45
38,65	11,39
38,68	11,36
38,70	11,33
38,73	11,30
38,75	11,31
38,77	11,30
38,80	11,30
38,82	11,32
38,85	11,34
38,87	11,35
38,90	11,38
38,92	11,38
38,94	11,43
38,97	11,45
38,99	11,49
39,02	11,54
39,04	11,59
39,07	11,63
39,09	11,70
39,12	11,75
39,14	11,81
39,16	11,87
39,19	11,93
39,21	12,01
39,24	12,10
39,26	12,16
39,29	12,27
39,31	12,33
39,34	12,43
39,36	12,53
39,38	12,60
39,41	12,68
39,43	12,79
39,46	12,86
39,48	13,00
39,51	13,10
39,53	13,22
39,56	13,36
39,58	13,51
39,60	13,62
39,63	13,78
39,65	13,90
39,68	14,06
39,70	14,19
39,73	14,31
39,75	14,43
39,78	14,57
39,80	14,69
39,82	14,84
39,85	14,98
39,87	15,13
39,90	15,29
39,92	15,46
39,95	15,65
39,97	15,82
39,99	15,97
40,02	16,17
40,04	16,33
40,07	16,49
40,09	16,64
40,12	16,78
40,14	16,96
40,17	17,12
40,19	17,29
40,21	17,46
40,24	17,66
40,26	17,86
40,29	18,08
40,31	18,26
40,34	18,49
40,36	18,67
40,39	18,90
40,41	19,09
40,43	19,30
40,46	19,46
40,48	19,68
40,51	19,85
40,53	20,04
40,56	20,23
40,58	20,43
40,61	20,63
40,63	20,85
40,65	21,07
40,68	21,33
40,70	21,57
40,73	21,79
40,75	22,01
40,78	22,18
40,80	22,39
40,83	22,59
40,85	22,77
40,87	22,94
40,90	23,12
40,92	23,29
40,95	23,56
40,97	23,75
41,00	23,96
41,02	24,19
41,05	24,41
41,07	24,63
41,09	24,84
41,12	24,98
41,14	25,16
41,17	25,32
41,19	25,46
41,22	25,63
41,24	25,76
41,26	25,91
41,29	26,10
41,31	26,26
41,34	26,40
41,36	26,57
41,39	26,70
41,41	26,89
41,44	27,03
41,46	27,16
41,48	27,27
41,51	27,37
41,53	27,45
41,56	27,56
41,58	27,61
41,61	27,70
41,63	27,77
41,66	27,84
41,68	27,92
41,70	28,00
41,73	28,05
41,75	28,09
41,78	28,12
41,80	28,16
41,83	28,20
41,85	28,23
41,88	28,22
41,90	28,22
41,92	28,22
41,95	28,23
41,97	28,19
42,00	28,16
42,02	28,12
42,05	28,09
42,07	28,05
42,10	28,00
42,12	27,91
42,14	27,89
42,17	27,82
42,19	27,77
42,22	27,68
42,24	27,59
42,27	27,49
42,29	27,40
42,31	27,27
42,34	27,14
42,36	26,99
42,39	26,85
42,41	26,74
42,44	26,61
42,46	26,46
42,49	26,30
42,51	26,17
42,53	26,05
42,56	25,94
42,58	25,77
42,61	25,63
42,63	25,48
42,66	25,34
42,68	25,18
42,71	25,00
42,73	24,80
42,75	24,65
42,78	24,46
42,80	24,32
42,83	24,13
42,85	23,96
42,88	23,83
42,90	23,69
42,93	23,52
42,95	23,38
42,97	23,20
43,00	23,06
43,02	22,90
43,05	22,72
43,07	22,54
43,10	22,38
43,12	22,20
43,15	22,06
43,17	21,91
43,19	21,78
43,22	21,66
43,24	21,55
43,27	21,44
43,29	21,34
43,32	21,21
43,34	21,13
43,36	21,02
43,39	20,92
43,41	20,82
43,44	20,71
43,46	20,61
43,49	20,54
43,51	20,45
43,54	20,38
43,56	20,31
43,58	20,24
43,61	20,23
43,63	20,17
43,66	20,13
43,68	20,10
43,71	20,07
43,73	20,03
43,76	20,03
43,78	19,99
43,80	20,00
43,83	19,98
43,85	19,98
43,88	20,00
43,90	20,04
43,93	20,05
43,95	20,10
43,98	20,12
44,00	20,19
44,02	20,23
44,05	20,28
44,07	20,34
44,10	20,41
44,12	20,47
44,15	20,60
44,17	20,68
44,20	20,81
44,22	20,95
44,24	21,10
44,27	21,25
44,29	21,41
44,32	21,56
44,34	21,77
44,37	25,88
44,39	29,96
44,41	34,01
44,44	38,05
44,46	42,08
44,49	46,06
44,51	50,00
44,54	50,00
44,56	50,00
44,59	50,00
44,61	50,00
44,63	50,00
44,66	50,00
44,68	50,00
44,71	50,00
44,73	50,00
44,76	50,00
44,78	50,00
44,81	50,00
44,83	50,00
44,85	50,00
44,88	50,00
44,90	50,00
44,93	50,00
44,95	50,00
44,98	50,00
45,00	50,00
45,03	50,00
45,05	50,00
45,07	50,00
45,10	50,00
45,12	50,00
45,15	50,00
45,17	50,00
45,20	50,00
45,22	50,00
45,25	50,00
45,27	50,00
45,29	50,00
45,32	50,00
45,34	50,00
45,37	50,00
45,39	50,00
45,42	50,00
45,44	50,00
45,47	50,00
45,49	50,00
45,51	50,00
45,54	50,00
45,56	50,00
45,59	50,00
45,61	50,00
45,64	50,00
45,66	50,00
45,68	50,00
45,71	50,00
45,73	50,00
45,76	50,00
45,78	50,00
45,81	50,00
45,83	50,00
45,86	50,00
45,88	50,00
45,90	50,00
45,93	50,00
45,95	50,00
45,98	50,00
46,00	50,00
46,03	50,00
46,05	50,00
46,08	50,00
46,10	50,00
46,12	50,00
46,15	50,00
46,17	50,00
46,20	50,00
46,22	50,00
46,25	50,00
46,27	50,00
46,30	50,00
46,32	50,00
46,34	50,00
46,37	50,00
46,39	50,00
46,42	50,00
46,44	50,00
46,47	50,00
46,49	50,00
46,52	50,00
46,54	50,00
46,56	50,00
46,59	50,00
46,61	50,00
46,64	50,00
46,66	50,00
46,69	50,00
46,71	50,00
46,73	50,00
46,76	50,00
46,78	50,00
46,81	50,00
46,83	50,00
46,86	50,00
46,88	50,00
46,91	50,00
46,93	50,00
46,95	50,00
46,98	50,00
47,00	50,00
47,03	50,00
47,05	50,00
47,08	50,00
47,10	50,00
47,13	50,00
47,15	50,00
47,17	50,00
47,20	50,00
47,22	50,00
47,25	50,00
47,27	50,00
47,30	50,00
47,32	50,00
47,35	50,00
47,37	50,00
47,39	50,00
47,42	50,00
47,44	50,00
47,47	50,00
47,49	50,00
47,52	50,00
47,54	50,00
47,57	50,00
47,59	50,00
47,61	50,00
47,64	50,00
47,66	50,00
47,69	50,00
47,71	50,00
47,74	50,00
47,76	50,00
47,78	50,00
47,81	50,00
47,83	50,00
47,86	50,00
47,88	50,00
47,91	50,00
47,93	50,00
47,96	50,00
47,98	50,00
48,00	50,00
48,03	50,00
48,05	50,00
48,08	50,00
48,10	50,00
48,13	50,00
48,15	50,00
48,18	50,00
48,20	50,00
48,22	50,00
48,25	50,00
48,27	50,00
48,30	50,00
48,32	50,00
48,35	50,00
48,37	50,00
48,40	50,00
48,42	50,00
48,44	50,00
48,47	50,00
48,49	50,00
48,52	50,00
48,54	50,00
48,57	50,00
48,59	50,00
48,62	50,00
48,64	50,00
48,66	50,00
48,69	50,00
48,71	50,00
48,74	50,00
48,76	50,00
48,79	50,00
48,81	50,00
48,84	50,00
48,86	50,00
48,88	50,00
48,91	50,00
48,93	50,00
48,96	50,00
48,98	50,00
49,01	50,00
49,03	50,00
49,05	50,00
49,08	50,00
49,10	50,00
49,13	50,00
49,15	50,00
49,18	50,00
49,20	50,00
49,23	50,00
49,25	50,00
49,27	50,00
49,30	50,00
49,32	50,00
49,35	50,00
49,37	50,00
49,40	50,00
49,42	50,00
49,45	50,00
49,47	50,00
49,49	50,00
49,52	50,00
49,54	50,00
49,57	50,00
49,59	50,00
49,62	50,00
49,64	50,00
49,67	50,00
49,69	50,00
49,71	50,00
49,74	50,00
49,76	50,00
49,79	50,00
49,81	50,00
49,84	50,00
49,86	50,00
49,89	50,00
49,91	50,00
49,93	50,00
49,96	50,00
49,98	50,00
50,01	50,00
50,03	50,00
50,06	50,00
50,08	50,00
50,10	50,00
50,13	50,00
50,15	50,00
50,18	50,00
50,20	50,00
50,23	50,00
50,25	50,00
50,28	50,00
50,30	50,00
50,32	50,00
50,35	50,00
50,37	50,00
50,40	50,00
50,42	50,00
50,45	50,00
50,47	50,00
50,50	50,00
50,52	50,00
50,54	50,00
50,57	50,00
50,59	50,00
50,62	50,00
50,64	50,00
50,67	50,00
50,69	50,00
50,72	50,00
50,74	50,00
50,76	50,00
50,79	50,00
50,81	50,00
50,84	50,00
50,86	50,00
50,89	50,00
50,91	50,00
50,94	50,00
50,96	50,00
50,98	50,00
51,01	50,00
51,03	50,00
51,06	50,00
51,08	50,00
51,11	50,00
51,13	50,00
51,15	50,00
51,18	50,00
51,20	50,00
51,23	50,00
51,25	50,00
51,28	50,00
51,30	50,00
51,33	50,00
51,35	50,00
51,37	50,00
51,40	50,00
51,42	50,00
51,45	50,00
51,47	50,00
51,50	50,00
51,52	50,00
51,55	50,00
51,57	50,00
51,59	50,00
51,62	50,00
51,64	50,00
51,67	50,00
51,69	50,00
51,72	50,00
51,74	50,00
51,77	50,00
51,79	50,00
51,81	50,00
51,84	50,00
51,86	50,00
51,89	50,00
51,91	50,00
51,94	50,00
51,96	50,00
51,99	50,00
52,01	50,00
52,03	50,00
52,06	50,00
52,08	50,00
52,11	50,00
52,13	50,00
52,16	50,00
52,18	50,00
52,20	50,00
52,23	50,00
52,25	50,00
52,28	50,00
52,30	50,00
52,33	50,00
52,35	50,00
52,38	50,00
52,40	50,00
52,42	50,00
52,45	50,00
52,47	50,00
52,50	50,00
52,52	50,00
52,55	50,00
52,57	50,00
52,60	50,00
52,62	50,00
52,64	50,00
52,67	50,00
52,69	50,00
52,72	50,00
52,74	50,00
52,77	50,00
52,79	50,00
52,82	50,00
52,84	50,00
52,86	50,00
52,89	50,00
52,91	50,00
52,94	50,00
52,96	50,00
52,99	50,00
53,01	50,00
53,04	50,00
53,06	50,00
53,08	50,00
53,11	50,00
53,13	50,00
53,16	50,00
53,18	50,00
53,21	50,00
53,23	50,00
53,26	50,00
53,28	50,00
53,30	50,00
53,33	50,00
53,35	50,00
53,38	50,00
53,40	50,00
53,43	50,00
53,45	50,00
53,47	50,00
53,50	50,00
53,52	50,00
53,55	50,00
53,57	50,00
53,60	50,00
53,62	50,00
53,65	50,00
53,67	50,00
53,69	50,00
53,72	50,00
53,74	50,00
53,77	50,00
53,79	50,00
53,82	50,00
53,84	50,00
53,87	50,00
53,89	50,00
53,91	50,00
53,94	50,00
53,96	50,00
53,99	50,00
54,01	50,00
54,04	50,00
54,06	50,00
54,09	50,00
54,11	50,00
54,13	50,00
54,16	50,00
54,18	50,00
54,21	50,00
54,23	50,00
54,26	50,00
54,28	50,00
54,31	50,00
54,33	50,00
54,35	50,00
54,38	50,00
54,40	50,00
54,43	50,00
54,45	50,00
54,48	50,00
54,50	50,00
54,52	50,00
54,55	50,00
54,57	50,00
54,60	50,00
54,62	50,00
54,65	50,00
54,67	50,00
54,70	50,00
54,72	50,00
54,74	50,00
54,77	50,00
54,79	50,00
54,82	50,00
54,84	50,00
54,87	50,00
54,89	50,00
54,92	50,00
54,94	50,00
54,96	50,00
54,99	50,00
55,01	50,00
55,04	50,00
55,06	50,00
55,09	50,00
55,11	50,00
55,14	50,00
55,16	50,00
55,18	50,00
55,21	50,00
55,23	50,00
55,26	50,00
55,28	50,00
55,31	50,00
55,33	50,00
55,36	50,00
55,38	50,00
55,40	50,00
55,43	50,00
55,45	50,00
55,48	50,00
55,50	50,00
55,53	50,00
55,55	50,00
55,57	50,00
55,60	50,00
55,62	50,00
55,65	50,00
55,67	50,00
55,70	50,00
55,72	50,00
55,75	50,00
55,77	50,00
55,79	50,00
55,82	50,00
55,84	50,00
55,87	50,00
55,89	50,00
55,92	50,00
55,94	50,00
55,97	50,00
55,99	50,00
56,01	50,00
56,04	50,00
56,06	50,00
56,09	50,00
56,11	50,00
56,14	50,00
56,16	50,00
56,19	50,00
56,21	50,00
56,23	50,00
56,26	50,00
56,28	50,00
56,31	50,00
56,33	50,00
56,36	50,00
56,38	50,00
56,41	50,00
56,43	50,00
56,45	50,00
56,48	50,00
56,50	50,00
56,53	50,00
56,55	50,00
56,58	50,00
56,60	50,00
56,62	50,00
56,65	50,00
56,67	50,00
56,70	50,00
56,72	50,00
56,75	50,00
56,77	50,00
56,80	50,00
56,82	50,00
56,84	50,00
56,87	50,00
56,89	50,00
56,92	50,00
56,94	50,00
56,97	50,00
56,99	50,00
57,02	50,00
57,04	50,00
57,06	50,00
57,09	50,00
57,11	50,00
57,14	50,00
57,16	50,00
57,19	50,00
57,21	50,00
57,24	50,00
57,26	50,00
57,28	50,00
57,31	50,00
57,33	50,00
57,36	50,00
57,38	50,00
57,41	50,00
57,43	50,00
57,46	50,00
57,48	50,00
57,50	50,00
57,53	50,00
57,55	50,00
57,58	50,00
57,60	50,00
57,63	50,00
57,65	50,00
57,68	50,00
57,70	50,00
57,72	50,00
57,75	50,00
57,77	50,00
57,80	50,00
57,82	50,00
57,85	50,00
57,87	50,00
57,89	50,00
57,92	50,00
57,94	50,00
57,97	50,00
57,99	50,00
58,02	50,00
58,04	50,00
58,07	50,00
58,09	50,00
58,11	50,00
58,14	50,00
58,16	50,00
58,19	50,00
58,21	50,00
58,24	50,00
58,26	50,00
58,29	50,00
58,31	50,00
58,33	50,00
58,36	50,00
58,38	50,00
58,41	50,00
58,43	50,00
58,46	50,00
58,48	50,00
58,51	50,00
58,53	50,00
58,55	50,00
58,58	50,00
58,60	50,00
58,63	50,00
58,65	50,00
58,68	50,00
58,70	50,00
58,73	50,00
58,75	50,00
58,77	50,00
58,80	50,00
58,82	50,00
58,85	50,00
58,87	50,00
58,90	50,00
58,92	50,00
58,94	50,00
58,97	50,00
58,99	50,00
59,02	50,00
59,04	50,00
59,07	50,00
59,09	50,00
59,12	50,00
59,14	50,00
59,16	50,00
59,19	50,00
59,21	50,00
59,24	50,00
59,26	50,00
59,29	50,00
59,31	50,00
59,34	50,00
59,36	50,00
59,38	50,00
59,41	50,00
59,43	50,00
59,46	50,00
59,48	50,00
59,51	50,00
59,53	50,00
59,56	50,00
59,58	50,00
59,60	50,00
59,63	50,00
59,65	50,00
59,68	50,00
59,70	50,00
59,73	50,00
59,75	50,00
59,78	50,00
59,80	50,00
59,82	50,00
59,85	50,00
59,87	50,00
59,90	50,00
59,92	50,00
59,95	50,00
59,97	50,00
59,99	50,00
