Voltage U1	Corriente IA
U1/V	IA/nA

0,02	0,41
0,04	0,41
0,07	0,42
0,09	0,42
0,12	0,41
0,14	0,42
0,17	0,40
0,19	0,43
0,21	0,42
0,24	0,41
0,26	0,41
0,29	0,43
0,31	0,42
0,34	0,45
0,36	0,43
0,39	0,45
0,41	0,45
0,43	0,45
0,46	0,47
0,48	0,47
0,51	0,44
0,53	0,46
0,56	0,45
0,58	0,45
0,61	0,44
0,63	0,41
0,65	0,41
0,68	0,42
0,70	0,40
0,73	0,42
0,75	0,40
0,78	0,42
0,80	0,44
0,83	0,44
0,85	0,43
0,87	0,45
0,90	0,43
0,92	0,45
0,95	0,44
0,97	0,43
1,00	0,42
1,02	0,42
1,05	0,41
1,07	0,44
1,09	0,43
1,12	0,44
1,14	0,44
1,17	0,45
1,19	0,46
1,22	0,46
1,24	0,43
1,26	0,45
1,29	0,43
1,31	0,43
1,34	0,43
1,36	0,42
1,39	0,43
1,41	0,43
1,44	0,41
1,46	0,43
1,48	0,43
1,51	0,43
1,53	0,45
1,56	0,45
1,58	0,45
1,61	0,46
1,63	0,45
1,66	0,45
1,68	0,46
1,70	0,43
1,73	0,44
1,75	0,43
1,78	0,42
1,80	0,44
1,83	0,44
1,85	0,44
1,88	0,45
1,90	0,44
1,92	0,46
1,95	0,47
1,97	0,45
2,00	0,45
2,02	0,44
2,05	0,44
2,07	0,44
2,10	0,42
2,12	0,43
2,14	0,42
2,17	0,42
2,19	0,43
2,22	0,43
2,24	0,43
2,27	0,45
2,29	0,44
2,31	0,45
2,34	0,45
2,36	0,45
2,39	0,46
2,41	0,45
2,44	0,43
2,46	0,44
2,49	0,43
2,51	0,42
2,53	0,43
2,56	0,43
2,58	0,44
2,61	0,45
2,63	0,44
2,66	0,47
2,68	0,47
2,71	0,46
2,73	0,46
2,75	0,45
2,78	0,44
2,80	0,45
2,83	0,43
2,85	0,43
2,88	0,41
2,90	0,41
2,93	0,42
2,95	0,43
2,97	0,42
3,00	0,45
3,02	0,44
3,05	0,45
3,07	0,46
3,10	0,46
3,12	0,45
3,15	0,46
3,17	0,43
3,19	0,44
3,22	0,44
3,24	0,43
3,27	0,46
3,29	0,46
3,32	0,47
3,34	0,47
3,36	0,48
3,39	0,48
3,41	0,49
3,44	0,45
3,46	0,47
3,49	0,43
3,51	0,44
3,54	0,43
3,56	0,43
3,58	0,41
3,61	0,42
3,63	0,39
3,66	0,43
3,68	0,42
3,71	0,44
3,73	0,43
3,76	0,44
3,78	0,44
3,80	0,47
3,83	0,44
3,85	0,45
3,88	0,44
3,90	0,44
3,93	0,43
3,95	0,43
3,98	0,40
4,00	0,45
4,02	0,44
4,05	0,46
4,07	0,44
4,10	0,46
4,12	0,46
4,15	0,48
4,17	0,44
4,20	0,45
4,22	0,41
4,24	0,42
4,27	0,41
4,29	0,42
4,32	0,40
4,34	0,41
4,37	0,40
4,39	0,43
4,42	0,42
4,44	0,43
4,46	0,44
4,49	0,46
4,51	0,45
4,54	0,45
4,56	0,43
4,59	0,44
4,61	0,44
4,63	0,43
4,66	0,43
4,68	0,43
4,71	0,42
4,73	0,46
4,76	0,45
4,78	0,45
4,81	0,44
4,83	0,43
4,85	0,45
4,88	0,47
4,90	0,44
4,93	0,45
4,95	0,44
4,98	0,44
5,00	0,44
5,03	0,43
5,05	0,43
5,07	0,42
5,10	0,42
5,12	0,43
5,15	0,43
5,17	0,42
5,20	0,45
5,22	0,45
5,25	0,46
5,27	0,45
5,29	0,45
5,32	0,45
5,34	0,46
5,37	0,42
5,39	0,44
5,42	0,41
5,44	0,43
5,47	0,44
5,49	0,45
5,51	0,45
5,54	0,47
5,56	0,46
5,59	0,50
5,61	0,49
5,64	0,49
5,66	0,48
5,68	0,47
5,71	0,45
5,73	0,46
5,76	0,43
5,78	0,43
5,81	0,42
5,83	0,42
5,86	0,44
5,88	0,45
5,90	0,44
5,93	0,47
5,95	0,45
5,98	0,46
6,00	0,47
6,03	0,48
6,05	0,47
6,08	0,48
6,10	0,46
6,12	0,48
6,15	0,47
6,17	0,48
6,20	0,47
6,22	0,47
6,25	0,46
6,27	0,46
6,30	0,45
6,32	0,48
6,34	0,48
6,37	0,47
6,39	0,48
6,42	0,47
6,44	0,47
6,47	0,47
6,49	0,45
6,52	0,46
6,54	0,45
6,56	0,45
6,59	0,47
6,61	0,47
6,64	0,46
6,66	0,49
6,69	0,48
6,71	0,49
6,73	0,50
6,76	0,50
6,78	0,50
6,81	0,50
6,83	0,48
6,86	0,49
6,88	0,48
6,91	0,48
6,93	0,49
6,95	0,48
6,98	0,50
7,00	0,50
7,03	0,50
7,05	0,53
7,08	0,53
7,10	0,52
7,13	0,53
7,15	0,49
7,17	0,51
7,20	0,50
7,22	0,48
7,25	0,46
7,27	0,47
7,30	0,46
7,32	0,51
7,35	0,49
7,37	0,50
7,39	0,51
7,42	0,53
7,44	0,52
7,47	0,54
7,49	0,52
7,52	0,54
7,54	0,53
7,57	0,54
7,59	0,54
7,61	0,54
7,64	0,52
7,66	0,54
7,69	0,53
7,71	0,55
7,74	0,54
7,76	0,54
7,78	0,57
7,81	0,58
7,83	0,57
7,86	0,59
7,88	0,56
7,91	0,57
7,93	0,56
7,96	0,55
7,98	0,56
8,00	0,56
8,03	0,55
8,05	0,58
8,08	0,58
8,10	0,58
8,13	0,59
8,15	0,59
8,18	0,59
8,20	0,59
8,22	0,58
8,25	0,58
8,27	0,59
8,30	0,58
8,32	0,60
8,35	0,58
8,37	0,58
8,40	0,58
8,42	0,59
8,44	0,59
8,47	0,61
8,49	0,59
8,52	0,64
8,54	0,63
8,57	0,65
8,59	0,65
8,62	0,64
8,64	0,63
8,66	0,64
8,69	0,60
8,71	0,63
8,74	0,60
8,76	0,61
8,79	0,62
8,81	0,63
8,84	0,63
8,86	0,66
8,88	0,63
8,91	0,66
8,93	0,64
8,96	0,66
8,98	0,64
9,01	0,65
9,03	0,63
9,05	0,67
9,08	0,63
9,10	0,65
9,13	0,64
9,15	0,66
9,18	0,66
9,20	0,67
9,23	0,66
9,25	0,70
9,27	0,69
9,30	0,70
9,32	0,70
9,35	0,70
9,37	0,69
9,40	0,70
9,42	0,67
9,45	0,69
9,47	0,67
9,49	0,67
9,52	0,68
9,54	0,69
9,57	0,68
9,59	0,69
9,62	0,68
9,64	0,70
9,67	0,70
9,69	0,69
9,71	0,69
9,74	0,70
9,76	0,70
9,79	0,73
9,81	0,71
9,84	0,71
9,86	0,71
9,89	0,71
9,91	0,71
9,93	0,72
9,96	0,70
9,98	0,74
10,01	0,74
10,03	0,75
10,06	0,76
10,08	0,75
10,10	0,74
10,13	0,75
10,15	0,74
10,18	0,74
10,20	0,72
10,23	0,71
10,25	0,73
10,28	0,73
10,30	0,74
10,32	0,74
10,35	0,74
10,37	0,75
10,40	0,77
10,42	0,75
10,45	0,75
10,47	0,74
10,50	0,75
10,52	0,76
10,54	0,74
10,57	0,73
10,59	0,75
10,62	0,75
10,64	0,76
10,67	0,77
10,69	0,78
10,72	0,81
10,74	0,81
10,76	0,81
10,79	0,81
10,81	0,80
10,84	0,79
10,86	0,79
10,89	0,79
10,91	0,79
10,94	0,79
10,96	0,79
10,98	0,82
11,01	0,81
11,03	0,82
11,06	0,82
11,08	0,82
11,11	0,84
11,13	0,85
11,15	0,84
11,18	0,86
11,20	0,85
11,23	0,86
11,25	0,87
11,28	0,86
11,30	0,84
11,33	0,84
11,35	0,84
11,37	0,87
11,40	0,87
11,42	0,87
11,45	0,90
11,47	0,91
11,50	0,91
11,52	0,92
11,55	0,91
11,57	0,92
11,59	0,91
11,62	0,92
11,64	0,94
11,67	0,92
11,69	0,91
11,72	0,93
11,74	0,93
11,77	0,93
11,79	0,94
11,81	0,93
11,84	0,97
11,86	0,97
11,89	0,97
11,91	0,97
11,94	0,98
11,96	0,98
11,99	1,02
12,01	1,01
12,03	1,02
12,06	1,03
12,08	1,05
12,11	1,05
12,13	1,07
12,16	1,03
12,18	1,05
12,21	1,04
12,23	1,06
12,25	1,04
12,28	1,05
12,30	1,03
12,33	1,06
12,35	1,05
12,38	1,07
12,40	1,03
12,42	1,06
12,45	1,07
12,47	1,09
12,50	1,09
12,52	1,11
12,55	1,09
12,57	1,12
12,60	1,11
12,62	1,11
12,64	1,10
12,67	1,11
12,69	1,09
12,72	1,13
12,74	1,12
12,77	1,14
12,79	1,14
12,82	1,14
12,84	1,14
12,86	1,15
12,89	1,13
12,91	1,15
12,94	1,14
12,96	1,14
12,99	1,14
13,01	1,14
13,04	1,15
13,06	1,15
13,08	1,14
13,11	1,15
13,13	1,13
13,16	1,13
13,18	1,14
13,21	1,14
13,23	1,14
13,26	1,14
13,28	1,14
13,30	1,16
13,33	1,16
13,35	1,14
13,38	1,16
13,40	1,15
13,43	1,15
13,45	1,16
13,47	1,17
13,50	1,17
13,52	1,18
13,55	1,17
13,57	1,19
13,60	1,19
13,62	1,18
13,65	1,17
13,67	1,16
13,69	1,14
13,72	1,14
13,74	1,13
13,77	1,13
13,79	1,12
13,82	1,13
13,84	1,14
13,87	1,13
13,89	1,13
13,91	1,15
13,94	1,14
13,96	1,14
13,99	1,13
14,01	1,13
14,04	1,14
14,06	1,14
14,09	1,11
14,11	1,13
14,13	1,11
14,16	1,11
14,18	1,13
14,21	1,14
14,23	1,13
14,26	1,13
14,28	1,12
14,31	1,14
14,33	1,13
14,35	1,11
14,38	1,10
14,40	1,10
14,43	1,09
14,45	1,09
14,48	1,08
14,50	1,08
14,52	1,08
14,55	1,08
14,57	1,08
14,60	1,09
14,62	1,08
14,65	1,10
14,67	1,10
14,70	1,11
14,72	1,10
14,74	1,11
14,77	1,11
14,79	1,11
14,82	1,09
14,84	1,10
14,87	1,10
14,89	1,10
14,92	1,11
14,94	1,12
14,96	1,12
14,99	1,13
15,01	1,12
15,04	1,15
15,06	1,14
15,09	1,13
15,11	1,12
15,14	1,11
15,16	1,11
15,18	1,11
15,21	1,10
15,23	1,11
15,26	1,11
15,28	1,11
15,31	1,13
15,33	1,13
15,36	1,14
15,38	1,16
15,40	1,16
15,43	1,16
15,45	1,18
15,48	1,18
15,50	1,19
15,53	1,18
15,55	1,16
15,57	1,17
15,60	1,17
15,62	1,17
15,65	1,20
15,67	1,20
15,70	1,21
15,72	1,22
15,75	1,22
15,77	1,25
15,79	1,26
15,82	1,23
15,84	1,26
15,87	1,26
15,89	1,27
15,92	1,28
15,94	1,28
15,97	1,29
15,99	1,31
16,01	1,30
16,04	1,33
16,06	1,32
16,09	1,33
16,11	1,35
16,14	1,37
16,16	1,37
16,19	1,39
16,21	1,39
16,23	1,42
16,26	1,43
16,28	1,43
16,31	1,43
16,33	1,45
16,36	1,45
16,38	1,48
16,41	1,48
16,43	1,50
16,45	1,52
16,48	1,53
16,50	1,56
16,53	1,57
16,55	1,56
16,58	1,59
16,60	1,59
16,63	1,59
16,65	1,60
16,67	1,61
16,70	1,63
16,72	1,63
16,75	1,64
16,77	1,66
16,80	1,68
16,82	1,68
16,84	1,72
16,87	1,72
16,89	1,75
16,92	1,76
16,94	1,77
16,97	1,77
16,99	1,81
17,02	1,78
17,04	1,81
17,06	1,79
17,09	1,81
17,11	1,83
17,14	1,84
17,16	1,83
17,19	1,86
17,21	1,84
17,24	1,89
17,26	1,88
17,28	1,88
17,31	1,88
17,33	1,89
17,36	1,88
17,38	1,91
17,41	1,88
17,43	1,89
17,46	1,88
17,48	1,88
17,50	1,88
17,53	1,89
17,55	1,87
17,58	1,90
17,60	1,89
17,63	1,91
17,65	1,90
17,68	1,92
17,70	1,90
17,72	1,92
17,75	1,89
17,77	1,91
17,80	1,89
17,82	1,89
17,85	1,89
17,87	1,90
17,89	1,89
17,92	1,89
17,94	1,87
17,97	1,90
17,99	1,89
18,02	1,88
18,04	1,86
18,07	1,84
18,09	1,83
18,11	1,83
18,14	1,80
18,16	1,80
18,19	1,78
18,21	1,78
18,24	1,79
18,26	1,79
18,29	1,78
18,31	1,79
18,33	1,77
18,36	1,77
18,38	1,76
18,41	1,72
18,43	1,71
18,46	1,71
18,48	1,67
18,51	1,67
18,53	1,65
18,55	1,63
18,58	1,65
18,60	1,65
18,63	1,64
18,65	1,64
18,68	1,63
18,70	1,66
18,73	1,65
18,75	1,64
18,77	1,61
18,80	1,58
18,82	1,57
18,85	1,55
18,87	1,53
18,90	1,52
18,92	1,51
18,94	1,50
18,97	1,53
18,99	1,51
19,02	1,51
19,04	1,51
19,07	1,51
19,09	1,51
19,12	1,51
19,14	1,50
19,16	1,50
19,19	1,49
19,21	1,47
19,24	1,46
19,26	1,44
19,29	1,43
19,31	1,43
19,34	1,43
19,36	1,43
19,38	1,42
19,41	1,42
19,43	1,46
19,46	1,46
19,48	1,44
19,51	1,45
19,53	1,42
19,56	1,42
19,58	1,42
19,60	1,41
19,63	1,42
19,65	1,42
19,68	1,41
19,70	1,43
19,73	1,42
19,75	1,43
19,78	1,43
19,80	1,44
19,82	1,45
19,85	1,47
19,87	1,46
19,90	1,47
19,92	1,47
19,95	1,47
19,97	1,48
19,99	1,47
20,02	1,47
20,04	1,49
20,07	1,49
20,09	1,51
20,12	1,53
20,14	1,53
20,17	1,58
20,19	1,58
20,21	1,58
20,24	1,59
20,26	1,58
20,29	1,58
20,31	1,60
20,34	1,58
20,36	1,61
20,39	1,62
20,41	1,64
20,43	1,66
20,46	1,68
20,48	1,68
20,51	1,73
20,53	1,72
20,56	1,76
20,58	1,76
20,61	1,78
20,63	1,79
20,65	1,82
20,68	1,81
20,70	1,85
20,73	1,83
20,75	1,87
20,78	1,88
20,80	1,91
20,83	1,91
20,85	1,95
20,87	1,94
20,90	2,02
20,92	2,02
20,95	2,04
20,97	2,06
21,00	2,07
21,02	2,07
21,05	2,12
21,07	2,10
21,09	2,15
21,12	2,16
21,14	2,19
21,17	2,22
21,19	2,26
21,22	2,27
21,24	2,30
21,26	2,30
21,29	2,35
21,31	2,38
21,34	2,41
21,36	2,43
21,39	2,47
21,41	2,48
21,44	2,53
21,46	2,52
21,48	2,55
21,51	2,54
21,53	2,56
21,56	2,58
21,58	2,61
21,61	2,62
21,63	2,68
21,66	2,70
21,68	2,73
21,70	2,75
21,73	2,75
21,75	2,77
21,78	2,79
21,80	2,79
21,83	2,80
21,85	2,82
21,88	2,83
21,90	2,87
21,92	2,88
21,95	2,89
21,97	2,89
22,00	2,90
22,02	2,91
22,05	2,94
22,07	2,93
22,10	2,94
22,12	2,95
22,14	2,97
22,17	2,98
22,19	2,96
22,22	2,95
22,24	2,95
22,27	2,94
22,29	2,94
22,31	2,93
22,34	2,92
22,36	2,96
22,39	2,95
22,41	2,94
22,44	2,94
22,46	2,92
22,49	2,93
22,51	2,91
22,53	2,88
22,56	2,86
22,58	2,84
22,61	2,82
22,63	2,82
22,66	2,79
22,68	2,77
22,71	2,74
22,73	2,73
22,75	2,72
22,78	2,71
22,80	2,67
22,83	2,65
22,85	2,64
22,88	2,62
22,90	2,60
22,93	2,57
22,95	2,54
22,97	2,54
23,00	2,51
23,02	2,50
23,05	2,47
23,07	2,45
23,10	2,45
23,12	2,45
23,15	2,41
23,17	2,39
23,19	2,36
23,22	2,35
23,24	2,32
23,27	2,29
23,29	2,26
23,32	2,22
23,34	2,19
23,36	2,19
23,39	2,16
23,41	2,15
23,44	2,14
23,46	2,12
23,49	2,12
23,51	2,10
23,54	2,07
23,56	2,05
23,58	2,02
23,61	2,01
23,63	2,01
23,66	1,97
23,68	1,96
23,71	1,96
23,73	1,94
23,76	1,94
23,78	1,93
23,80	1,91
23,83	1,91
23,85	1,90
23,88	1,89
23,90	1,89
23,93	1,87
23,95	1,85
23,98	1,84
24,00	1,82
24,02	1,83
24,05	1,81
24,07	1,81
24,10	1,82
24,12	1,82
24,15	1,81
24,17	1,82
24,20	1,81
24,22	1,83
24,24	1,82
24,27	1,81
24,29	1,82
24,32	1,82
24,34	1,82
24,37	1,83
24,39	1,80
24,42	1,81
24,44	1,82
24,46	1,82
24,49	1,83
24,51	1,85
24,54	1,84
24,56	1,88
24,59	1,88
24,61	1,88
24,63	1,89
24,66	1,91
24,68	1,91
24,71	1,93
24,73	1,93
24,76	1,96
24,78	1,95
24,81	1,98
24,83	1,99
24,85	2,01
24,88	2,01
24,90	2,04
24,93	2,05
24,95	2,09
24,98	2,10
25,00	2,12
25,03	2,14
25,05	2,17
25,07	2,18
25,10	2,22
25,12	2,24
25,15	2,26
25,17	2,29
25,20	2,30
25,22	2,33
25,25	2,36
25,27	2,38
25,29	2,41
25,32	2,43
25,34	2,44
25,37	2,48
25,39	2,51
25,42	2,56
25,44	2,57
25,47	2,60
25,49	2,63
25,51	2,65
25,54	2,68
25,56	2,72
25,59	2,74
25,61	2,79
25,64	2,81
25,66	2,86
25,68	2,91
25,71	2,96
25,73	2,98
25,76	3,04
25,78	3,05
25,81	3,09
25,83	3,13
25,86	3,19
25,88	3,20
25,90	3,25
25,93	3,26
25,95	3,33
25,98	3,36
26,00	3,39
26,03	3,42
26,05	3,47
26,08	3,49
26,10	3,55
26,12	3,56
26,15	3,60
26,17	3,62
26,20	3,66
26,22	3,69
26,25	3,72
26,27	3,74
26,30	3,81
26,32	3,83
26,34	3,88
26,37	3,91
26,39	3,96
26,42	4,00
26,44	4,05
26,47	4,05
26,49	4,09
26,52	4,11
26,54	4,15
26,56	4,18
26,59	4,21
26,61	4,22
26,64	4,25
26,66	4,26
26,69	4,30
26,71	4,30
26,73	4,31
26,76	4,32
26,78	4,33
26,81	4,34
26,83	4,36
26,86	4,35
26,88	4,36
26,91	4,35
26,93	4,36
26,95	4,37
26,98	4,35
27,00	4,34
27,03	4,36
27,05	4,35
27,08	4,35
27,10	4,34
27,13	4,33
27,15	4,34
27,17	4,33
27,20	4,30
27,22	4,29
27,25	4,26
27,27	4,24
27,30	4,24
27,32	4,21
27,35	4,19
27,37	4,16
27,39	4,14
27,42	4,12
27,44	4,09
27,47	4,03
27,49	3,99
27,52	3,94
27,54	3,91
27,57	3,88
27,59	3,84
27,61	3,81
27,64	3,78
27,66	3,74
27,69	3,73
27,71	3,68
27,74	3,64
27,76	3,60
27,78	3,57
27,81	3,52
27,83	3,50
27,86	3,44
27,88	3,41
27,91	3,36
27,93	3,32
27,96	3,28
27,98	3,24
28,00	3,19
28,03	3,18
28,05	3,13
28,08	3,11
28,10	3,06
28,13	3,03
28,15	3,00
28,18	2,98
28,20	2,92
28,22	2,90
28,25	2,84
28,27	2,81
28,30	2,78
28,32	2,75
28,35	2,71
28,37	2,69
28,40	2,65
28,42	2,65
28,44	2,62
28,47	2,59
28,49	2,57
28,52	2,55
28,54	2,53
28,57	2,52
28,59	2,49
28,62	2,48
28,64	2,46
28,66	2,45
28,69	2,44
28,71	2,41
28,74	2,38
28,76	2,41
28,79	2,39
28,81	2,39
28,84	2,38
28,86	2,37
28,88	2,38
28,91	2,38
28,93	2,34
28,96	2,34
28,98	2,32
29,01	2,30
29,03	2,30
29,05	2,29
29,08	2,30
29,10	2,30
29,13	2,31
29,15	2,33
29,18	2,34
29,20	2,34
29,23	2,37
29,25	2,38
29,27	2,39
29,30	2,38
29,32	2,38
29,35	2,40
29,37	2,42
29,40	2,41
29,42	2,43
29,45	2,43
29,47	2,46
29,49	2,49
29,52	2,52
29,54	2,54
29,57	2,59
29,59	2,59
29,62	2,66
29,64	2,66
29,67	2,68
29,69	2,68
29,71	2,71
29,74	2,71
29,76	2,76
29,79	2,74
29,81	2,79
29,84	2,80
29,86	2,84
29,89	2,87
29,91	2,92
29,93	2,93
29,96	3,00
29,98	3,02
30,01	3,07
30,03	3,11
30,06	3,15
30,08	3,17
30,10	3,22
30,13	3,21
30,15	3,27
30,18	3,29
30,20	3,34
30,23	3,40
30,25	3,44
30,28	3,48
30,30	3,53
30,32	3,57
30,35	3,64
30,37	3,68
30,40	3,68
30,42	3,73
30,45	3,75
30,47	3,79
30,50	3,84
30,52	3,87
30,54	3,92
30,57	3,98
30,59	4,02
30,62	4,11
30,64	4,16
30,67	4,20
30,69	4,26
30,72	4,32
30,74	4,36
30,76	4,42
30,79	4,45
30,81	4,52
30,84	4,56
30,86	4,60
30,89	4,64
30,91	4,69
30,94	4,73
30,96	4,82
30,98	4,86
31,01	4,91
31,03	4,95
31,06	5,01
31,08	5,08
31,11	5,13
31,13	5,14
31,15	5,19
31,18	5,22
31,20	5,28
31,23	5,32
31,25	5,35
31,28	5,40
31,30	5,44
31,33	5,47
31,35	5,52
31,37	5,54
31,40	5,57
31,42	5,62
31,45	5,65
31,47	5,67
31,50	5,71
31,52	5,74
31,55	5,77
31,57	5,78
31,59	5,79
31,62	5,80
31,64	5,81
31,67	5,81
31,69	5,84
31,72	5,84
31,74	5,86
31,77	5,86
31,79	5,86
31,81	5,88
31,84	5,87
31,86	5,84
31,89	5,85
31,91	5,80
31,94	5,79
31,96	5,76
31,99	5,72
32,01	5,69
32,03	5,67
32,06	5,63
32,08	5,63
32,11	5,59
32,13	5,57
32,16	5,56
32,18	5,53
32,20	5,50
32,23	5,46
32,25	5,41
32,28	5,38
32,30	5,33
32,33	5,26
32,35	5,22
32,38	5,15
32,40	5,10
32,42	5,07
32,45	5,02
32,47	4,99
32,50	4,94
32,52	4,88
32,55	4,86
32,57	4,79
32,60	4,73
32,62	4,67
32,64	4,60
32,67	4,53
32,69	4,47
32,72	4,39
32,74	4,36
32,77	4,30
32,79	4,25
32,82	4,20
32,84	4,15
32,86	4,10
32,89	4,08
32,91	4,01
32,94	3,97
32,96	3,90
32,99	3,86
33,01	3,81
33,04	3,77
33,06	3,69
33,08	3,65
33,11	3,58
33,13	3,55
33,16	3,51
33,18	3,47
33,21	3,43
33,23	3,40
33,26	3,36
33,28	3,37
33,30	3,32
33,33	3,29
33,35	3,25
33,38	3,20
33,40	3,15
33,43	3,13
33,45	3,07
33,47	3,05
33,50	3,01
33,52	3,00
33,55	3,00
33,57	2,99
33,60	2,95
33,62	2,95
33,65	2,93
33,67	2,93
33,69	2,93
33,72	2,91
33,74	2,90
33,77	2,90
33,79	2,88
33,82	2,88
33,84	2,87
33,87	2,87
33,89	2,88
33,91	2,88
33,94	2,88
33,96	2,89
33,99	2,90
34,01	2,95
34,04	2,95
34,06	2,95
34,09	2,96
34,11	2,96
34,13	2,98
34,16	3,00
34,18	2,98
34,21	3,00
34,23	3,01
34,26	3,01
34,28	3,06
34,31	3,07
34,33	3,09
34,35	3,11
34,38	3,14
34,40	3,18
34,43	3,23
34,45	3,23
34,48	3,29
34,50	3,30
34,52	3,33
34,55	3,36
34,57	3,39
34,60	3,41
34,62	3,45
34,65	3,45
34,67	3,52
34,70	3,55
34,72	3,60
34,74	3,67
34,77	3,72
34,79	3,76
34,82	3,83
34,84	3,84
34,87	3,89
34,89	3,91
34,92	3,94
34,94	3,98
34,96	4,03
34,99	4,05
35,01	4,13
35,04	4,17
35,06	4,24
35,09	4,29
35,11	4,35
35,14	4,41
35,16	4,48
35,18	4,51
35,21	4,58
35,23	4,62
35,26	4,67
35,28	4,73
35,31	4,76
35,33	4,81
35,36	4,87
35,38	4,92
35,40	5,00
35,43	5,06
35,45	5,12
35,48	5,21
35,50	5,27
35,53	5,32
35,55	5,38
35,57	5,42
35,60	5,46
35,62	5,52
35,65	5,55
35,67	5,61
35,70	5,66
35,72	5,72
35,75	5,80
35,77	5,87
35,79	5,93
35,82	6,00
35,84	6,07
35,87	6,15
35,89	6,21
35,92	6,26
35,94	6,31
35,97	6,38
35,99	6,42
36,01	6,48
36,04	6,50
36,06	6,56
36,09	6,63
36,11	6,68
36,14	6,73
36,16	6,78
36,19	6,83
36,21	6,92
36,23	6,96
36,26	7,00
36,28	7,05
36,31	7,08
36,33	7,12
36,36	7,15
36,38	7,14
36,41	7,18
36,43	7,18
36,45	7,21
36,48	7,23
36,50	7,26
36,53	7,28
36,55	7,32
36,58	7,32
36,60	7,35
36,62	7,34
36,65	7,33
36,67	7,33
36,70	7,33
36,72	7,30
36,75	7,32
36,77	7,28
36,80	7,28
36,82	7,27
36,84	7,25
36,87	7,22
36,89	7,20
36,92	7,15
36,94	7,16
36,97	7,12
36,99	7,08
37,02	7,05
37,04	7,02
37,06	6,98
37,09	6,94
37,11	6,87
37,14	6,84
37,16	6,77
37,19	6,71
37,21	6,65
37,24	6,59
37,26	6,52
37,28	6,48
37,31	6,41
37,33	6,37
37,36	6,31
37,38	6,25
37,41	6,19
37,43	6,14
37,46	6,05
37,48	6,00
37,50	5,90
37,53	5,83
37,55	5,75
37,58	5,68
37,60	5,61
37,63	5,55
37,65	5,47
37,68	5,44
37,70	5,36
37,72	5,30
37,75	5,23
37,77	5,17
37,80	5,11
37,82	5,04
37,85	4,97
37,87	4,91
37,89	4,81
37,92	4,75
37,94	4,70
37,97	4,64
37,99	4,58
38,02	4,53
38,04	4,48
38,07	4,45
38,09	4,42
38,11	4,35
38,14	4,31
38,16	4,24
38,19	4,19
38,21	4,16
38,24	4,11
38,26	4,06
38,29	4,03
38,31	3,97
38,33	3,97
38,36	3,93
38,38	3,90
38,41	3,87
38,43	3,86
38,46	3,80
38,48	3,80
38,51	3,74
38,53	3,75
38,55	3,70
38,58	3,70
38,60	3,66
38,63	3,66
38,65	3,63
38,68	3,65
38,70	3,62
38,73	3,62
38,75	3,61
38,77	3,63
38,80	3,64
38,82	3,64
38,85	3,63
38,87	3,64
38,90	3,63
38,92	3,65
38,94	3,66
38,97	3,67
38,99	3,68
39,02	3,70
39,04	3,71
39,07	3,76
39,09	3,77
39,12	3,78
39,14	3,80
39,16	3,81
39,19	3,84
39,21	3,87
39,24	3,89
39,26	3,91
39,29	3,94
39,31	3,96
39,34	4,01
39,36	4,02
39,38	4,04
39,41	4,07
39,43	4,12
39,46	4,15
39,48	4,20
39,51	4,22
39,53	4,28
39,56	4,32
39,58	4,36
39,60	4,39
39,63	4,45
39,65	4,49
39,68	4,56
39,70	4,61
39,73	4,67
39,75	4,72
39,78	4,77
39,80	4,83
39,82	4,88
39,85	4,92
39,87	4,97
39,90	5,01
39,92	5,06
39,95	5,12
39,97	5,17
39,99	5,23
40,02	5,29
40,04	5,36
40,07	5,43
40,09	5,46
40,12	5,52
40,14	5,59
40,17	5,64
40,19	5,71
40,21	5,77
40,24	5,83
40,26	5,93
40,29	6,00
40,31	6,06
40,34	6,14
40,36	6,19
40,39	6,26
40,41	6,35
40,43	6,41
40,46	6,48
40,48	6,55
40,51	6,61
40,53	6,69
40,56	6,76
40,58	6,80
40,61	6,88
40,63	6,95
40,65	7,01
40,68	7,08
40,70	7,15
40,73	7,22
40,75	7,29
40,78	7,35
40,80	7,41
40,83	7,46
40,85	7,53
40,87	7,59
40,90	7,66
40,92	7,73
40,95	7,80
40,97	7,87
41,00	7,95
41,02	8,02
41,05	8,08
41,07	8,13
41,09	8,18
41,12	8,23
41,14	8,30
41,17	8,34
41,19	8,39
41,22	8,43
41,24	8,46
41,26	8,49
41,29	8,54
41,31	8,54
41,34	8,58
41,36	8,61
41,39	8,63
41,41	8,66
41,44	8,69
41,46	8,70
41,48	8,73
41,51	8,73
41,53	8,75
41,56	8,73
41,58	8,73
41,61	8,76
41,63	8,75
41,66	8,75
41,68	8,74
41,70	8,73
41,73	8,73
41,75	8,71
41,78	8,68
41,80	8,67
41,83	8,63
41,85	8,62
41,88	8,61
41,90	8,60
41,92	8,55
41,95	8,52
41,97	8,45
42,00	8,43
42,02	8,36
42,05	8,29
42,07	8,22
42,10	8,17
42,12	8,10
42,14	8,07
42,17	8,00
42,19	7,95
42,22	7,88
42,24	7,82
42,27	7,76
42,29	7,68
42,31	7,61
42,34	7,56
42,36	7,47
42,39	7,41
42,41	7,34
42,44	7,26
42,46	7,20
42,49	7,13
42,51	7,04
42,53	6,99
42,56	6,90
42,58	6,84
42,61	6,79
42,63	6,73
42,66	6,66
42,68	6,59
42,71	6,49
42,73	6,45
42,75	6,37
42,78	6,28
42,80	6,21
42,83	6,12
42,85	6,03
42,88	5,98
42,90	5,90
42,93	5,84
42,95	5,78
42,97	5,72
43,00	5,68
43,02	5,63
43,05	5,57
43,07	5,54
43,10	5,47
43,12	5,41
43,15	5,36
43,17	5,31
43,19	5,26
43,22	5,21
43,24	5,14
43,27	5,11
43,29	5,08
43,32	5,04
43,34	5,03
43,36	5,00
43,39	4,96
43,41	4,94
43,44	4,91
43,46	4,90
43,49	4,87
43,51	4,82
43,54	4,80
43,56	4,76
43,58	4,74
43,61	4,72
43,63	4,70
43,66	4,68
43,68	4,67
43,71	4,65
43,73	4,67
43,76	4,66
43,78	4,67
43,80	4,68
43,83	4,70
43,85	4,70
43,88	4,72
43,90	4,72
43,93	4,73
43,95	4,74
43,98	4,73
44,00	4,74
44,02	4,74
44,05	4,76
44,07	4,81
44,10	4,82
44,12	4,86
44,15	4,88
44,17	4,90
44,20	4,96
44,22	4,98
44,24	4,99
44,27	5,02
44,29	5,03
44,32	5,07
44,34	5,10
44,37	5,11
44,39	5,14
44,41	5,19
44,44	5,22
44,46	5,29
44,49	5,32
44,51	5,36
44,54	5,44
44,56	5,49
44,59	5,54
44,61	5,59
44,63	5,63
44,66	5,68
44,68	5,74
44,71	5,76
44,73	5,81
44,76	5,86
44,78	5,91
44,81	6,00
44,83	6,07
44,85	6,14
44,88	6,22
44,90	6,29
44,93	6,38
44,95	6,44
44,98	6,47
45,00	6,53
45,03	6,57
45,05	6,62
45,07	6,68
45,10	6,75
45,12	6,83
45,15	6,90
45,17	6,98
45,20	7,08
45,22	7,16
45,25	7,23
45,27	7,34
45,29	7,42
45,32	7,50
45,34	7,57
45,37	7,64
45,39	7,71
45,42	7,78
45,44	7,82
45,47	7,89
45,49	7,96
45,51	8,04
45,54	8,14
45,56	8,22
45,59	8,31
45,61	8,39
45,64	8,46
45,66	8,56
45,68	8,62
45,71	8,68
45,73	8,74
45,76	8,79
45,78	8,85
45,81	8,92
45,83	8,98
45,86	9,07
45,88	9,13
45,90	9,21
45,93	9,29
45,95	9,37
45,98	9,43
46,00	9,52
46,03	9,56
46,05	9,63
46,08	9,69
46,10	9,74
46,12	9,79
46,15	9,84
46,17	9,87
46,20	9,93
46,22	9,96
46,25	10,01
46,27	10,05
46,30	10,09
46,32	10,13
46,34	10,18
46,37	10,20
46,39	10,27
46,42	10,29
46,44	10,30
46,47	10,33
46,49	10,32
46,52	10,33
46,54	10,35
46,56	10,34
46,59	10,35
46,61	10,36
46,64	10,35
46,66	10,38
46,69	10,37
46,71	10,37
46,73	10,38
46,76	10,38
46,78	10,36
46,81	10,37
46,83	10,33
46,86	10,33
46,88	10,28
46,91	10,22
46,93	10,17
46,95	10,16
46,98	10,09
47,00	10,07
47,03	10,00
47,05	9,99
47,08	9,94
47,10	9,92
47,13	9,88
47,15	9,86
47,17	9,79
47,20	9,76
47,22	9,67
47,25	9,63
47,27	9,55
47,30	9,48
47,32	9,40
47,35	9,34
47,37	9,26
47,39	9,23
47,42	9,13
47,44	9,08
47,47	9,02
47,49	8,97
47,52	8,90
47,54	8,84
47,57	8,74
47,59	8,69
47,61	8,60
47,64	8,52
47,66	8,43
47,69	8,34
47,71	8,26
47,74	8,21
47,76	8,14
47,78	8,08
47,81	8,02
47,83	7,96
47,86	7,93
47,88	7,88
47,91	7,80
47,93	7,75
47,96	7,65
47,98	7,56
48,00	7,49
48,03	7,41
48,05	7,34
48,08	7,27
48,10	7,20
48,13	7,18
48,15	7,13
48,18	7,08
48,20	7,05
48,22	7,01
48,25	6,98
48,27	6,93
48,30	6,88
48,32	6,82
48,35	6,79
48,37	6,72
48,40	6,70
48,42	6,64
48,44	6,62
48,47	6,58
48,49	6,57
48,52	6,54
48,54	6,52
48,57	6,47
48,59	6,49
48,62	6,46
48,64	6,45
48,66	6,44
48,69	6,40
48,71	6,39
48,74	6,39
48,76	6,36
48,79	6,37
48,81	6,35
48,84	6,34
48,86	6,36
48,88	6,36
48,91	6,37
48,93	6,37
48,96	6,37
48,98	6,40
49,01	6,41
49,03	6,42
49,05	6,45
49,08	6,47
49,10	6,49
49,13	6,51
49,15	6,52
49,18	6,54
49,20	6,56
49,23	6,58
49,25	6,61
49,27	6,64
49,30	6,66
49,32	6,73
49,35	6,77
49,37	6,82
49,40	6,86
49,42	6,90
49,45	6,96
49,47	7,02
49,49	7,02
49,52	7,07
49,54	7,09
49,57	7,14
49,59	7,17
49,62	7,21
49,64	7,25
49,67	7,31
49,69	7,37
49,71	7,46
49,74	7,52
49,76	7,59
49,79	7,68
49,81	7,76
49,84	7,82
49,86	7,89
49,89	7,93
49,91	7,99
49,93	8,06
49,96	8,11
49,98	8,18
50,01	8,25
50,03	8,32
50,06	8,42
50,08	8,51
50,10	8,59
50,13	8,67
50,15	8,74
50,18	8,84
50,20	8,91
50,23	8,97
50,25	9,05
50,28	9,12
50,30	9,19
50,32	9,27
50,35	9,33
50,37	9,42
50,40	9,50
50,42	9,59
50,45	9,69
50,47	9,79
50,50	9,88
50,52	9,99
50,54	10,07
50,57	10,15
50,59	10,24
50,62	10,32
50,64	10,40
50,67	10,49
50,69	10,54
50,72	10,64
50,74	10,72
50,76	10,81
50,79	10,90
50,81	10,99
50,84	11,08
50,86	11,17
50,89	11,24
50,91	11,35
50,94	11,42
50,96	11,47
50,98	11,53
51,01	11,58
51,03	11,65
51,06	11,73
51,08	11,79
51,11	11,88
51,13	11,93
51,15	12,02
51,18	12,09
51,20	12,17
51,23	12,22
51,25	12,31
51,28	12,33
51,30	12,40
51,33	12,45
51,35	12,49
51,37	12,52
51,40	12,55
51,42	12,55
51,45	12,61
51,47	12,62
51,50	12,67
51,52	12,70
51,55	12,74
51,57	12,77
51,59	12,80
51,62	12,80
51,64	12,86
51,67	12,87
51,69	12,87
51,72	12,87
51,74	12,86
51,77	12,87
51,79	12,89
51,81	12,86
51,84	12,85
51,86	12,84
51,89	12,84
51,91	12,86
51,94	12,85
51,96	12,82
51,99	12,83
52,01	12,81
52,03	12,80
52,06	12,79
52,08	12,75
52,11	12,72
52,13	12,70
52,16	12,64
52,18	12,61
52,20	12,58
52,23	12,53
52,25	12,50
52,28	12,44
52,30	12,42
52,33	12,38
52,35	12,35
52,38	12,33
52,40	12,29
52,42	12,23
52,45	12,20
52,47	12,11
52,50	12,07
52,52	11,99
52,55	11,93
52,57	11,85
52,60	11,81
52,62	11,74
52,64	11,75
52,67	11,68
52,69	11,65
52,72	11,61
52,74	11,59
52,77	11,54
52,79	11,52
52,82	11,43
52,84	11,39
52,86	11,33
52,89	11,27
52,91	11,21
52,94	11,14
52,96	11,08
52,99	11,06
53,01	11,00
53,04	10,96
53,06	10,92
53,08	10,88
53,11	10,86
53,13	10,83
53,16	10,78
53,18	10,75
53,21	10,69
53,23	10,66
53,26	10,62
53,28	10,59
53,30	10,54
53,33	10,51
53,35	10,47
53,38	10,47
53,40	10,44
53,43	10,42
53,45	10,41
53,47	10,39
53,50	10,38
53,52	10,37
53,55	10,36
53,57	10,35
53,60	10,34
53,62	10,32
53,65	10,32
53,67	10,31
53,69	10,34
53,72	10,34
53,74	10,35
53,77	10,36
53,79	10,39
53,82	10,40
53,84	10,45
53,87	10,44
53,89	10,47
53,91	10,49
53,94	10,50
53,96	10,52
53,99	10,57
54,01	10,59
54,04	10,63
54,06	10,66
54,09	10,71
54,11	10,78
54,13	10,84
54,16	10,91
54,18	10,99
54,21	11,08
54,23	16,69
54,26	22,28
54,28	27,85
54,31	33,42
54,33	38,96
54,35	44,48
54,38	50,00
54,40	50,00
54,43	50,00
54,45	50,00
54,48	50,00
54,50	50,00
54,52	50,00
54,55	50,00
54,57	50,00
54,60	50,00
54,62	50,00
54,65	50,00
54,67	50,00
54,70	50,00
54,72	50,00
54,74	50,00
54,77	50,00
54,79	50,00
54,82	50,00
54,84	50,00
54,87	50,00
54,89	50,00
54,92	50,00
54,94	50,00
54,96	50,00
54,99	50,00
55,01	50,00
55,04	50,00
55,06	50,00
55,09	50,00
55,11	50,00
55,14	50,00
55,16	50,00
55,18	50,00
55,21	50,00
55,23	50,00
55,26	50,00
55,28	50,00
55,31	50,00
55,33	50,00
55,36	50,00
55,38	50,00
55,40	50,00
55,43	50,00
55,45	50,00
55,48	50,00
55,50	50,00
55,53	50,00
55,55	50,00
55,57	50,00
55,60	50,00
55,62	50,00
55,65	50,00
55,67	50,00
55,70	50,00
55,72	50,00
55,75	50,00
55,77	50,00
55,79	50,00
55,82	50,00
55,84	50,00
55,87	50,00
55,89	50,00
55,92	50,00
55,94	50,00
55,97	50,00
55,99	50,00
56,01	50,00
56,04	50,00
56,06	50,00
56,09	50,00
56,11	50,00
56,14	50,00
56,16	50,00
56,19	50,00
56,21	50,00
56,23	50,00
56,26	50,00
56,28	50,00
56,31	50,00
56,33	50,00
56,36	50,00
56,38	50,00
56,41	50,00
56,43	50,00
56,45	50,00
56,48	50,00
56,50	50,00
56,53	50,00
56,55	50,00
56,58	50,00
56,60	50,00
56,62	50,00
56,65	50,00
56,67	50,00
56,70	50,00
56,72	50,00
56,75	50,00
56,77	50,00
56,80	50,00
56,82	50,00
56,84	50,00
56,87	50,00
56,89	50,00
56,92	50,00
56,94	50,00
56,97	50,00
56,99	50,00
57,02	50,00
57,04	50,00
57,06	50,00
57,09	50,00
57,11	50,00
57,14	50,00
57,16	50,00
57,19	50,00
57,21	50,00
57,24	50,00
57,26	50,00
57,28	50,00
57,31	50,00
57,33	50,00
57,36	50,00
57,38	50,00
57,41	50,00
57,43	50,00
57,46	50,00
57,48	50,00
57,50	50,00
57,53	50,00
57,55	50,00
57,58	50,00
57,60	50,00
57,63	50,00
57,65	50,00
57,68	50,00
57,70	50,00
57,72	50,00
57,75	50,00
57,77	50,00
57,80	50,00
57,82	50,00
57,85	50,00
57,87	50,00
57,89	50,00
57,92	50,00
57,94	50,00
57,97	50,00
57,99	50,00
58,02	50,00
58,04	50,00
58,07	50,00
58,09	50,00
58,11	50,00
58,14	50,00
58,16	50,00
58,19	50,00
58,21	50,00
58,24	50,00
58,26	50,00
58,29	50,00
58,31	50,00
58,33	50,00
58,36	50,00
58,38	50,00
58,41	50,00
58,43	50,00
58,46	50,00
58,48	50,00
58,51	50,00
58,53	50,00
58,55	50,00
58,58	50,00
58,60	50,00
58,63	50,00
58,65	50,00
58,68	50,00
58,70	50,00
58,73	50,00
58,75	50,00
58,77	50,00
58,80	50,00
58,82	50,00
58,85	50,00
58,87	50,00
58,90	50,00
58,92	50,00
58,94	50,00
58,97	50,00
58,99	50,00
59,02	50,00
59,04	50,00
59,07	50,00
59,09	50,00
59,12	50,00
59,14	50,00
59,16	50,00
59,19	50,00
59,21	50,00
59,24	50,00
59,26	50,00
59,29	50,00
59,31	50,00
59,34	50,00
59,36	50,00
59,38	50,00
59,41	50,00
59,43	50,00
59,46	50,00
59,48	50,00
59,51	50,00
59,53	50,00
59,56	50,00
59,58	50,00
59,60	50,00
59,63	50,00
59,65	50,00
59,68	50,00
59,70	50,00
59,73	50,00
59,75	50,00
59,78	50,00
59,80	50,00
59,82	50,00
59,85	50,00
59,87	50,00
59,90	50,00
59,92	50,00
59,95	50,00
59,97	50,00
59,99	50,00
