Voltage U1	Corriente IA
U1/V	IA/nA

0,02	0,49
0,04	0,49
0,07	0,49
0,09	0,50
0,12	0,49
0,14	0,48
0,17	0,48
0,19	0,48
0,21	0,47
0,24	0,48
0,26	0,45
0,29	0,46
0,31	0,44
0,34	0,45
0,36	0,45
0,39	0,46
0,41	0,44
0,43	0,49
0,46	0,47
0,48	0,49
0,51	0,48
0,53	0,49
0,56	0,48
0,58	0,50
0,61	0,46
0,63	0,49
0,65	0,47
0,68	0,48
0,70	0,50
0,73	0,50
0,75	0,49
0,78	0,50
0,80	0,47
0,83	0,51
0,85	0,49
0,87	0,48
0,90	0,47
0,92	0,46
0,95	0,46
0,97	0,47
1,00	0,45
1,02	0,46
1,05	0,45
1,07	0,43
1,09	0,45
1,12	0,45
1,14	0,45
1,17	0,45
1,19	0,46
1,22	0,46
1,24	0,49
1,26	0,48
1,29	0,48
1,31	0,47
1,34	0,47
1,36	0,47
1,39	0,47
1,41	0,44
1,44	0,49
1,46	0,47
1,48	0,48
1,51	0,45
1,53	0,47
1,56	0,48
1,58	0,51
1,61	0,46
1,63	0,48
1,66	0,46
1,68	0,48
1,70	0,46
1,73	0,45
1,75	0,43
1,78	0,45
1,80	0,43
1,83	0,46
1,85	0,45
1,88	0,46
1,90	0,48
1,92	0,50
1,95	0,48
1,97	0,51
2,00	0,48
2,02	0,50
2,05	0,49
2,07	0,48
2,10	0,47
2,12	0,47
2,14	0,45
2,17	0,48
2,19	0,47
2,22	0,49
2,24	0,48
2,27	0,49
2,29	0,50
2,31	0,52
2,34	0,48
2,36	0,49
2,39	0,45
2,41	0,47
2,44	0,45
2,46	0,45
2,49	0,44
2,51	0,45
2,53	0,44
2,56	0,48
2,58	0,47
2,61	0,47
2,63	0,49
2,66	0,49
2,68	0,49
2,71	0,49
2,73	0,47
2,75	0,46
2,78	0,48
2,80	0,45
2,83	0,46
2,85	0,45
2,88	0,44
2,90	0,45
2,93	0,46
2,95	0,46
2,97	0,47
3,00	0,46
3,02	0,50
3,05	0,49
3,07	0,48
3,10	0,49
3,12	0,48
3,15	0,48
3,17	0,49
3,19	0,45
3,22	0,48
3,24	0,46
3,27	0,46
3,29	0,46
3,32	0,46
3,34	0,45
3,36	0,49
3,39	0,48
3,41	0,50
3,44	0,49
3,46	0,51
3,49	0,50
3,51	0,51
3,54	0,47
3,56	0,49
3,58	0,46
3,61	0,48
3,63	0,46
3,66	0,49
3,68	0,48
3,71	0,50
3,73	0,48
3,76	0,52
3,78	0,50
3,80	0,52
3,83	0,50
3,85	0,50
3,88	0,47
3,90	0,50
3,93	0,47
3,95	0,48
3,98	0,45
4,00	0,47
4,02	0,48
4,05	0,49
4,07	0,48
4,10	0,52
4,12	0,50
4,15	0,52
4,17	0,50
4,20	0,51
4,22	0,50
4,24	0,50
4,27	0,47
4,29	0,50
4,32	0,49
4,34	0,51
4,37	0,51
4,39	0,51
4,42	0,51
4,44	0,50
4,46	0,50
4,49	0,53
4,51	0,51
4,54	0,51
4,56	0,51
4,59	0,49
4,61	0,51
4,63	0,51
4,66	0,48
4,68	0,50
4,71	0,48
4,73	0,47
4,76	0,50
4,78	0,51
4,81	0,52
4,83	0,53
4,85	0,53
4,88	0,54
4,90	0,57
4,93	0,55
4,95	0,56
4,98	0,55
5,00	0,54
5,03	0,53
5,05	0,53
5,07	0,52
5,10	0,54
5,12	0,52
5,15	0,54
5,17	0,53
5,20	0,55
5,22	0,57
5,25	0,59
5,27	0,57
5,29	0,59
5,32	0,56
5,34	0,57
5,37	0,55
5,39	0,55
5,42	0,53
5,44	0,53
5,47	0,52
5,49	0,56
5,51	0,55
5,54	0,58
5,56	0,58
5,59	0,60
5,61	0,61
5,64	0,63
5,66	0,61
5,68	0,62
5,71	0,61
5,73	0,61
5,76	0,63
5,78	0,62
5,81	0,60
5,83	0,61
5,86	0,63
5,88	0,64
5,90	0,64
5,93	0,63
5,95	0,66
5,98	0,67
6,00	0,68
6,03	0,68
6,05	0,66
6,08	0,67
6,10	0,68
6,12	0,65
6,15	0,68
6,17	0,66
6,20	0,68
6,22	0,71
6,25	0,72
6,27	0,70
6,30	0,73
6,32	0,71
6,34	0,75
6,37	0,74
6,39	0,74
6,42	0,74
6,44	0,77
6,47	0,75
6,49	0,79
6,52	0,77
6,54	0,78
6,56	0,78
6,59	0,80
6,61	0,80
6,64	0,84
6,66	0,81
6,69	0,86
6,71	0,85
6,73	0,88
6,76	0,88
6,78	0,87
6,81	0,86
6,83	0,88
6,86	0,85
6,88	0,88
6,91	0,85
6,93	0,87
6,95	0,88
6,98	0,90
7,00	0,90
7,03	0,93
7,05	0,91
7,08	0,95
7,10	0,94
7,13	0,96
7,15	0,94
7,17	0,96
7,20	0,95
7,22	0,98
7,25	0,95
7,27	0,98
7,30	0,96
7,32	0,98
7,35	0,99
7,37	1,00
7,39	0,98
7,42	1,06
7,44	1,04
7,47	1,06
7,49	1,05
7,52	1,05
7,54	1,05
7,57	1,07
7,59	1,03
7,61	1,06
7,64	1,05
7,66	1,06
7,69	1,07
7,71	1,08
7,74	1,08
7,76	1,09
7,78	1,08
7,81	1,09
7,83	1,12
7,86	1,12
7,88	1,12
7,91	1,12
7,93	1,12
7,96	1,14
7,98	1,14
8,00	1,12
8,03	1,13
8,05	1,13
8,08	1,14
8,10	1,14
8,13	1,13
8,15	1,15
8,18	1,16
8,20	1,15
8,22	1,17
8,25	1,14
8,27	1,17
8,30	1,16
8,32	1,17
8,35	1,15
8,37	1,15
8,40	1,14
8,42	1,16
8,44	1,15
8,47	1,16
8,49	1,15
8,52	1,17
8,54	1,17
8,57	1,18
8,59	1,16
8,62	1,17
8,64	1,15
8,66	1,17
8,69	1,17
8,71	1,17
8,74	1,15
8,76	1,17
8,79	1,15
8,81	1,18
8,84	1,15
8,86	1,15
8,88	1,15
8,91	1,17
8,93	1,15
8,96	1,18
8,98	1,15
9,01	1,18
9,03	1,16
9,05	1,17
9,08	1,17
9,10	1,17
9,13	1,15
9,15	1,18
9,18	1,16
9,20	1,16
9,23	1,17
9,25	1,17
9,27	1,19
9,30	1,19
9,32	1,17
9,35	1,18
9,37	1,18
9,40	1,19
9,42	1,19
9,45	1,18
9,47	1,18
9,49	1,20
9,52	1,21
9,54	1,22
9,57	1,23
9,59	1,22
9,62	1,25
9,64	1,25
9,67	1,24
9,69	1,25
9,71	1,25
9,74	1,23
9,76	1,23
9,79	1,21
9,81	1,23
9,84	1,20
9,86	1,22
9,89	1,22
9,91	1,23
9,93	1,23
9,96	1,26
9,98	1,25
10,01	1,30
10,03	1,29
10,06	1,30
10,08	1,31
10,10	1,33
10,13	1,31
10,15	1,35
10,18	1,32
10,20	1,35
10,23	1,34
10,25	1,36
10,28	1,36
10,30	1,39
10,32	1,37
10,35	1,42
10,37	1,40
10,40	1,42
10,42	1,41
10,45	1,43
10,47	1,43
10,50	1,45
10,52	1,43
10,54	1,47
10,57	1,45
10,59	1,47
10,62	1,48
10,64	1,51
10,67	1,52
10,69	1,55
10,72	1,56
10,74	1,60
10,76	1,62
10,79	1,63
10,81	1,65
10,84	1,67
10,86	1,67
10,89	1,72
10,91	1,73
10,94	1,76
10,96	1,76
10,98	1,79
11,01	1,81
11,03	1,84
11,06	1,83
11,08	1,88
11,11	1,88
11,13	1,92
11,15	1,93
11,18	1,95
11,20	1,98
11,23	2,01
11,25	2,02
11,28	2,04
11,30	2,05
11,33	2,07
11,35	2,12
11,37	2,14
11,40	2,17
11,42	2,20
11,45	2,24
11,47	2,28
11,50	2,31
11,52	2,33
11,55	2,36
11,57	2,37
11,59	2,41
11,62	2,46
11,64	2,49
11,67	2,52
11,69	2,53
11,72	2,55
11,74	2,60
11,77	2,60
11,79	2,62
11,81	2,63
11,84	2,65
11,86	2,65
11,89	2,68
11,91	2,67
11,94	2,70
11,96	2,69
11,99	2,72
12,01	2,75
12,03	2,75
12,06	2,75
12,08	2,80
12,11	2,79
12,13	2,81
12,16	2,80
12,18	2,82
12,21	2,83
12,23	2,86
12,25	2,83
12,28	2,86
12,30	2,85
12,33	2,86
12,35	2,88
12,38	2,89
12,40	2,88
12,42	2,89
12,45	2,87
12,47	2,90
12,50	2,88
12,52	2,86
12,55	2,85
12,57	2,83
12,60	2,81
12,62	2,82
12,64	2,80
12,67	2,80
12,69	2,79
12,72	2,78
12,74	2,78
12,77	2,78
12,79	2,75
12,82	2,76
12,84	2,74
12,86	2,75
12,89	2,73
12,91	2,72
12,94	2,72
12,96	2,71
12,99	2,68
13,01	2,68
13,04	2,64
13,06	2,64
13,08	2,65
13,11	2,62
13,13	2,60
13,16	2,58
13,18	2,57
13,21	2,58
13,23	2,58
13,26	2,54
13,28	2,54
13,30	2,49
13,33	2,49
13,35	2,47
13,38	2,44
13,40	2,41
13,43	2,41
13,45	2,38
13,47	2,42
13,50	2,38
13,52	2,38
13,55	2,36
13,57	2,36
13,60	2,33
13,62	2,33
13,65	2,30
13,67	2,32
13,69	2,28
13,72	2,28
13,74	2,25
13,77	2,26
13,79	2,24
13,82	2,27
13,84	2,24
13,87	2,26
13,89	2,25
13,91	2,26
13,94	2,26
13,96	2,26
13,99	2,22
14,01	2,24
14,04	2,20
14,06	2,20
14,09	2,20
14,11	2,20
14,13	2,21
14,16	2,22
14,18	2,21
14,21	2,24
14,23	2,23
14,26	2,23
14,28	2,24
14,31	2,25
14,33	2,25
14,35	2,26
14,38	2,26
14,40	2,28
14,43	2,28
14,45	2,27
14,48	2,31
14,50	2,31
14,52	2,33
14,55	2,35
14,57	2,35
14,60	2,38
14,62	2,41
14,65	2,39
14,67	2,44
14,70	2,44
14,72	2,45
14,74	2,48
14,77	2,49
14,79	2,50
14,82	2,52
14,84	2,51
14,87	2,55
14,89	2,59
14,92	2,62
14,94	2,65
14,96	2,68
14,99	2,71
15,01	2,78
15,04	2,80
15,06	2,83
15,09	2,86
15,11	2,90
15,14	2,93
15,16	2,98
15,18	2,98
15,21	3,03
15,23	3,04
15,26	3,09
15,28	3,14
15,31	3,19
15,33	3,21
15,36	3,27
15,38	3,30
15,40	3,37
15,43	3,39
15,45	3,42
15,48	3,46
15,50	3,51
15,53	3,54
15,55	3,61
15,57	3,64
15,60	3,71
15,62	3,73
15,65	3,79
15,67	3,84
15,70	3,90
15,72	3,93
15,75	4,00
15,77	4,03
15,79	4,11
15,82	4,16
15,84	4,23
15,87	4,29
15,89	4,36
15,92	4,39
15,94	4,48
15,97	4,53
15,99	4,60
16,01	4,67
16,04	4,72
16,06	4,77
16,09	4,87
16,11	4,92
16,14	5,01
16,16	5,09
16,19	5,12
16,21	5,20
16,23	5,27
16,26	5,33
16,28	5,41
16,31	5,47
16,33	5,52
16,36	5,60
16,38	5,66
16,41	5,74
16,43	5,80
16,45	5,87
16,48	5,93
16,50	6,00
16,53	6,06
16,55	6,15
16,58	6,21
16,60	6,29
16,63	6,33
16,65	6,40
16,67	6,46
16,70	6,50
16,72	6,54
16,75	6,60
16,77	6,61
16,80	6,67
16,82	6,68
16,84	6,71
16,87	6,75
16,89	6,78
16,92	6,78
16,94	6,82
16,97	6,79
16,99	6,83
17,02	6,81
17,04	6,82
17,06	6,80
17,09	6,80
17,11	6,77
17,14	6,80
17,16	6,75
17,19	6,76
17,21	6,73
17,24	6,73
17,26	6,68
17,28	6,66
17,31	6,60
17,33	6,58
17,36	6,52
17,38	6,47
17,41	6,42
17,43	6,37
17,46	6,30
17,48	6,26
17,50	6,20
17,53	6,16
17,55	6,09
17,58	6,02
17,60	5,98
17,63	5,93
17,65	5,87
17,68	5,81
17,70	5,73
17,72	5,66
17,75	5,59
17,77	5,53
17,80	5,48
17,82	5,39
17,85	5,32
17,87	5,27
17,89	5,21
17,92	5,14
17,94	5,10
17,97	5,02
17,99	4,98
18,02	4,91
18,04	4,85
18,07	4,76
18,09	4,72
18,11	4,62
18,14	4,59
18,16	4,49
18,19	4,45
18,21	4,38
18,24	4,35
18,26	4,28
18,29	4,26
18,31	4,17
18,33	4,19
18,36	4,13
18,38	4,11
18,41	4,05
18,43	4,00
18,46	3,95
18,48	3,94
18,51	3,86
18,53	3,85
18,55	3,80
18,58	3,80
18,60	3,78
18,63	3,77
18,65	3,73
18,68	3,75
18,70	3,71
18,73	3,71
18,75	3,67
18,77	3,68
18,80	3,64
18,82	3,64
18,85	3,60
18,87	3,62
18,90	3,59
18,92	3,61
18,94	3,60
18,97	3,62
18,99	3,62
19,02	3,63
19,04	3,62
19,07	3,70
19,09	3,71
19,12	3,72
19,14	3,74
19,16	3,75
19,19	3,77
19,21	3,81
19,24	3,79
19,26	3,82
19,29	3,85
19,31	3,87
19,34	3,94
19,36	3,98
19,38	4,01
19,41	4,07
19,43	4,11
19,46	4,15
19,48	4,21
19,51	4,24
19,53	4,31
19,56	4,34
19,58	4,36
19,60	4,41
19,63	4,46
19,65	4,50
19,68	4,57
19,70	4,60
19,73	4,68
19,75	4,74
19,78	4,80
19,80	4,91
19,82	4,97
19,85	5,00
19,87	5,09
19,90	5,12
19,92	5,20
19,95	5,26
19,97	5,31
19,99	5,36
20,02	5,46
20,04	5,51
20,07	5,63
20,09	5,68
20,12	5,78
20,14	5,86
20,17	5,97
20,19	6,05
20,21	6,14
20,24	6,26
20,26	6,36
20,29	6,43
20,31	6,53
20,34	6,61
20,36	6,70
20,39	6,80
20,41	6,86
20,43	6,95
20,46	7,07
20,48	7,16
20,51	7,27
20,53	7,40
20,56	7,50
20,58	7,57
20,61	7,69
20,63	7,74
20,65	7,86
20,68	7,94
20,70	8,05
20,73	8,16
20,75	8,28
20,78	8,39
20,80	8,55
20,83	8,66
20,85	8,80
20,87	8,93
20,90	9,05
20,92	9,16
20,95	9,29
20,97	9,39
21,00	9,53
21,02	9,64
21,05	9,76
21,07	9,92
21,09	10,04
21,12	10,16
21,14	10,30
21,17	10,44
21,19	10,60
21,22	10,73
21,24	10,82
21,26	10,99
21,29	11,11
21,31	11,24
21,34	11,32
21,36	11,43
21,39	11,53
21,41	11,67
21,44	11,77
21,46	11,92
21,48	12,02
21,51	12,16
21,53	12,29
21,56	12,41
21,58	12,49
21,61	12,59
21,63	12,65
21,66	12,74
21,68	12,80
21,70	12,86
21,73	12,90
21,75	12,98
21,78	13,02
21,80	13,08
21,83	13,08
21,85	13,11
21,88	13,12
21,90	13,13
21,92	13,09
21,95	13,08
21,97	13,03
22,00	13,05
22,02	12,99
22,05	12,94
22,07	12,86
22,10	12,81
22,12	12,71
22,14	12,63
22,17	12,49
22,19	12,40
22,22	12,24
22,24	12,12
22,27	11,99
22,29	11,90
22,31	11,75
22,34	11,63
22,36	11,49
22,39	11,40
22,41	11,29
22,44	11,16
22,46	11,01
22,49	10,84
22,51	10,69
22,53	10,54
22,56	10,36
22,58	10,18
22,61	9,99
22,63	9,83
22,66	9,70
22,68	9,55
22,71	9,43
22,73	9,29
22,75	9,15
22,78	9,01
22,80	8,86
22,83	8,67
22,85	8,51
22,88	8,32
22,90	8,18
22,93	8,02
22,95	7,88
22,97	7,74
23,00	7,65
23,02	7,52
23,05	7,43
23,07	7,31
23,10	7,22
23,12	7,11
23,15	7,03
23,17	6,90
23,19	6,82
23,22	6,69
23,24	6,61
23,27	6,53
23,29	6,43
23,32	6,33
23,34	6,28
23,36	6,19
23,39	6,16
23,41	6,08
23,44	6,03
23,46	5,98
23,49	5,95
23,51	5,89
23,54	5,88
23,56	5,82
23,58	5,80
23,61	5,77
23,63	5,76
23,66	5,75
23,68	5,73
23,71	5,71
23,73	5,74
23,76	5,73
23,78	5,75
23,80	5,77
23,83	5,79
23,85	5,82
23,88	5,87
23,90	5,86
23,93	5,91
23,95	5,94
23,98	5,99
24,00	6,05
24,02	6,08
24,05	6,11
24,07	6,18
24,10	6,21
24,12	6,28
24,15	6,32
24,17	6,37
24,20	6,44
24,22	6,51
24,24	6,59
24,27	6,68
24,29	6,74
24,32	6,81
24,34	6,89
24,37	6,98
24,39	7,07
24,42	7,11
24,44	7,19
24,46	7,28
24,49	7,38
24,51	7,46
24,54	7,56
24,56	7,66
24,59	7,82
24,61	7,92
24,63	8,03
24,66	8,14
24,68	8,27
24,71	8,38
24,73	8,51
24,76	8,61
24,78	8,74
24,81	8,86
24,83	8,99
24,85	9,11
24,88	9,25
24,90	9,37
24,93	9,53
24,95	9,66
24,98	9,80
25,00	9,95
25,03	10,10
25,05	10,25
25,07	10,38
25,10	10,49
25,12	10,63
25,15	10,73
25,17	10,87
25,20	11,01
25,22	11,15
25,25	11,29
25,27	11,47
25,29	11,64
25,32	11,86
25,34	12,00
25,37	12,18
25,39	12,34
25,42	12,53
25,44	12,67
25,47	12,86
25,49	12,99
25,51	13,18
25,54	13,33
25,56	13,53
25,59	13,71
25,61	13,93
25,64	14,08
25,66	14,29
25,68	14,47
25,71	14,68
25,73	14,85
25,76	15,05
25,78	15,21
25,81	15,40
25,83	15,57
25,86	15,75
25,88	15,89
25,90	16,06
25,93	16,27
25,95	16,48
25,98	16,69
26,00	16,90
26,03	17,10
26,05	17,35
26,08	17,58
26,10	17,77
26,12	17,95
26,15	18,14
26,17	18,32
26,20	18,53
26,22	18,70
26,25	18,86
26,27	19,02
26,30	19,19
26,32	19,39
26,34	19,57
26,37	19,75
26,39	19,92
26,42	20,08
26,44	20,24
26,47	20,40
26,49	20,53
26,52	20,65
26,54	20,76
26,56	20,88
26,59	20,98
26,61	21,06
26,64	21,15
26,66	21,26
26,69	21,33
26,71	21,39
26,73	21,42
26,76	21,46
26,78	21,49
26,81	21,49
26,83	21,46
26,86	21,46
26,88	21,40
26,91	21,37
26,93	21,32
26,95	21,25
26,98	21,14
27,00	21,00
27,03	20,86
27,05	20,75
27,08	20,57
27,10	20,37
27,13	20,18
27,15	19,97
27,17	19,82
27,20	19,64
27,22	19,44
27,25	19,26
27,27	19,07
27,30	18,88
27,32	18,71
27,35	18,44
27,37	18,21
27,39	17,97
27,42	17,73
27,44	17,47
27,47	17,22
27,49	16,93
27,52	16,73
27,54	16,48
27,57	16,22
27,59	15,96
27,61	15,71
27,64	15,44
27,66	15,24
27,69	14,94
27,71	14,66
27,74	14,37
27,76	14,12
27,78	13,86
27,81	13,62
27,83	13,33
27,86	13,12
27,88	12,88
27,91	12,69
27,93	12,45
27,96	12,27
27,98	12,05
28,00	11,87
28,03	11,64
28,05	11,48
28,08	11,26
28,10	11,10
28,13	10,92
28,15	10,77
28,18	10,59
28,20	10,47
28,22	10,33
28,25	10,22
28,27	10,08
28,30	9,98
28,32	9,87
28,35	9,79
28,37	9,69
28,40	9,65
28,42	9,55
28,44	9,51
28,47	9,43
28,49	9,40
28,52	9,36
28,54	9,35
28,57	9,28
28,59	9,27
28,62	9,23
28,64	9,23
28,66	9,22
28,69	9,24
28,71	9,25
28,74	9,27
28,76	9,30
28,79	9,36
28,81	9,39
28,84	9,44
28,86	9,50
28,88	9,57
28,91	9,64
28,93	9,69
28,96	9,75
28,98	9,81
29,01	9,90
29,03	9,97
29,05	10,03
29,08	10,11
29,10	10,21
29,13	10,33
29,15	10,44
29,18	10,54
29,20	10,67
29,23	10,78
29,25	10,90
29,27	11,01
29,30	11,12
29,32	11,23
29,35	11,33
29,37	11,45
29,40	11,60
29,42	11,72
29,45	11,89
29,47	12,04
29,49	12,23
29,52	12,43
29,54	12,61
29,57	12,78
29,59	12,99
29,62	13,13
29,64	13,30
29,67	13,45
29,69	13,60
29,71	13,77
29,74	13,94
29,76	14,07
29,79	14,30
29,81	14,49
29,84	14,70
29,86	14,93
29,89	15,14
29,91	15,36
29,93	15,60
29,96	15,77
29,98	15,98
30,01	16,16
30,03	16,34
30,06	16,54
30,08	16,74
30,10	16,92
30,13	17,17
30,15	17,37
30,18	17,64
30,20	17,87
30,23	18,13
30,25	18,37
30,28	18,63
30,30	18,81
30,32	19,11
30,35	19,31
30,37	19,56
30,40	19,75
30,42	20,00
30,45	20,22
30,47	20,54
30,50	20,76
30,52	21,06
30,54	21,31
30,57	21,61
30,59	21,88
30,62	22,17
30,64	22,42
30,67	22,67
30,69	22,89
30,72	23,18
30,74	23,42
30,76	23,67
30,79	23,92
30,81	24,16
30,84	24,44
30,86	24,72
30,89	24,99
30,91	25,27
30,94	25,59
30,96	25,89
30,98	26,22
31,01	26,49
31,03	26,75
31,06	27,00
31,08	27,25
31,11	27,49
31,13	27,74
31,15	27,99
31,18	28,25
31,20	28,53
31,23	28,80
31,25	29,07
31,28	29,30
31,30	29,55
31,33	29,80
31,35	30,02
31,37	30,19
31,40	30,41
31,42	30,60
31,45	30,81
31,47	30,98
31,50	31,12
31,52	31,30
31,55	31,45
31,57	31,57
31,59	31,69
31,62	31,79
31,64	31,84
31,67	31,91
31,69	31,93
31,72	32,00
31,74	32,03
31,77	32,00
31,79	31,97
31,81	31,99
31,84	31,94
31,86	31,88
31,89	31,78
31,91	31,67
31,94	31,56
31,96	31,43
31,99	31,27
32,01	31,11
32,03	30,94
32,06	30,77
32,08	30,62
32,11	30,42
32,13	30,23
32,16	30,02
32,18	29,86
32,20	29,63
32,23	29,38
32,25	29,09
32,28	28,83
32,30	28,53
32,33	28,23
32,35	27,87
32,38	27,56
32,40	27,29
32,42	27,01
32,45	26,72
32,47	26,43
32,50	26,09
32,52	25,84
32,55	25,52
32,57	25,16
32,60	24,77
32,62	24,39
32,64	23,99
32,67	23,63
32,69	23,20
32,72	22,85
32,74	22,47
32,77	22,18
32,79	21,84
32,82	21,56
32,84	21,23
32,86	20,96
32,89	20,61
32,91	20,35
32,94	19,97
32,96	19,67
32,99	19,33
33,01	19,02
33,04	18,67
33,06	18,44
33,08	18,10
33,11	17,91
33,13	17,63
33,16	17,44
33,18	17,25
33,21	17,09
33,23	16,86
33,26	16,74
33,28	16,51
33,30	16,38
33,33	16,22
33,35	16,07
33,38	15,94
33,40	15,84
33,43	15,70
33,45	15,64
33,47	15,55
33,50	15,48
33,52	15,41
33,55	15,34
33,57	15,29
33,60	15,26
33,62	15,22
33,65	15,23
33,67	15,23
33,69	15,24
33,72	15,26
33,74	15,26
33,77	15,30
33,79	15,32
33,82	15,34
33,84	15,36
33,87	15,37
33,89	15,43
33,91	15,53
33,94	15,59
33,96	15,68
33,99	15,79
34,01	15,91
34,04	16,03
34,06	16,16
34,09	16,29
34,11	16,44
34,13	16,58
34,16	16,70
34,18	16,85
34,21	16,99
34,23	17,13
34,26	17,29
34,28	17,44
34,31	17,62
34,33	17,83
34,35	18,02
34,38	18,25
34,40	18,47
34,43	18,68
34,45	18,91
34,48	19,10
34,50	19,30
34,52	19,51
34,55	19,70
34,57	19,91
34,60	20,12
34,62	20,32
34,65	20,57
34,67	20,84
34,70	21,10
34,72	21,40
34,74	21,67
34,77	21,97
34,79	22,30
34,82	22,59
34,84	22,85
34,87	23,08
34,89	23,35
34,92	23,60
34,94	23,90
34,96	24,15
34,99	24,44
35,01	24,73
35,04	25,08
35,06	25,38
35,09	25,75
35,11	26,07
35,14	26,42
35,16	26,71
35,18	27,06
35,21	27,31
35,23	27,60
35,26	27,87
35,28	28,13
35,31	28,43
35,33	28,73
35,36	29,05
35,38	29,44
35,40	29,79
35,43	30,17
35,45	30,54
35,48	30,92
35,50	31,30
35,53	31,65
35,55	31,94
35,57	32,26
35,60	32,60
35,62	32,95
35,65	33,27
35,67	33,59
35,70	33,92
35,72	34,33
35,75	34,72
35,77	35,08
35,79	35,45
35,82	35,82
35,84	36,24
35,87	36,63
35,89	36,94
35,92	37,30
35,94	37,64
35,97	38,00
35,99	38,32
36,01	38,65
36,04	39,00
36,06	39,41
36,09	39,76
36,11	40,18
36,14	40,52
36,16	40,91
36,19	41,26
36,21	41,63
36,23	41,95
36,26	42,27
36,28	42,52
36,31	42,81
36,33	43,08
36,36	43,33
36,38	43,59
36,41	43,85
36,43	44,12
36,45	44,34
36,48	44,59
36,50	44,81
36,53	45,01
36,55	45,13
36,58	45,32
36,60	45,42
36,62	45,55
36,65	45,65
36,67	45,75
36,70	45,84
36,72	45,93
36,75	45,98
36,77	46,06
36,80	46,12
36,82	46,12
36,84	46,12
36,87	46,08
36,89	46,04
36,92	45,96
36,94	45,87
36,97	45,79
36,99	45,70
37,02	45,56
37,04	45,49
37,06	45,35
37,09	45,24
37,11	45,10
37,14	44,89
37,16	44,67
37,19	44,49
37,21	44,22
37,24	44,00
37,26	43,74
37,28	43,51
37,31	43,29
37,33	43,07
37,36	42,76
37,38	42,48
37,41	42,13
37,43	41,82
37,46	41,45
37,48	41,10
37,50	40,66
37,53	40,29
37,55	39,84
37,58	39,49
37,60	39,03
37,63	38,65
37,65	38,24
37,68	37,89
37,70	37,46
37,72	37,11
37,75	36,66
37,77	36,30
37,80	35,81
37,82	35,40
37,85	34,94
37,87	34,52
37,89	34,05
37,92	33,65
37,94	33,20
37,97	32,84
37,99	32,43
38,02	32,07
38,04	31,71
38,07	31,36
38,09	30,99
38,11	30,69
38,14	30,33
38,16	29,98
38,19	29,58
38,21	29,24
38,24	28,92
38,26	28,57
38,29	28,25
38,31	27,95
38,33	27,69
38,36	27,45
38,38	27,24
38,41	27,05
38,43	26,86
38,46	26,67
38,48	26,52
38,51	26,35
38,53	26,24
38,55	26,11
38,58	26,00
38,60	25,90
38,63	25,82
38,65	25,72
38,68	25,66
38,70	25,60
38,73	25,54
38,75	25,46
38,77	25,46
38,80	25,43
38,82	25,45
38,85	25,47
38,87	25,50
38,90	25,53
38,92	25,62
38,94	25,69
38,97	25,80
38,99	25,86
39,02	25,97
39,04	26,11
39,07	26,24
39,09	26,35
39,12	26,48
39,14	26,61
39,16	26,77
39,19	26,93
39,21	27,08
39,24	27,28
39,26	27,48
39,29	27,69
39,31	27,94
39,34	28,16
39,36	28,40
39,38	28,61
39,41	28,82
39,43	29,06
39,46	29,28
39,48	29,49
39,51	29,75
39,53	29,99
39,56	30,28
39,58	30,57
39,60	30,88
39,63	31,19
39,65	31,51
39,68	31,83
39,70	32,19
39,73	32,46
39,75	32,77
39,78	33,07
39,80	33,41
39,82	33,70
39,85	34,05
39,87	34,34
39,90	34,76
39,92	35,13
39,95	35,52
39,97	35,89
39,99	36,32
40,02	36,67
40,04	37,13
40,07	37,44
40,09	37,83
40,12	38,17
40,14	38,53
40,17	38,86
40,19	39,26
40,21	39,58
40,24	40,06
40,26	40,45
40,29	40,90
40,31	41,35
40,34	41,81
40,36	42,25
40,39	42,74
40,41	43,18
40,43	43,61
40,46	44,00
40,48	44,40
40,51	44,85
40,53	45,27
40,56	45,65
40,58	46,09
40,61	46,57
40,63	47,08
40,65	47,60
40,68	48,08
40,70	48,57
40,73	49,01
40,75	49,34
40,78	49,62
40,80	49,82
40,83	49,94
40,85	50,00
40,87	50,00
40,90	50,00
40,92	50,00
40,95	50,00
40,97	50,00
41,00	50,00
41,02	50,00
41,05	50,00
41,07	50,00
41,09	50,00
41,12	50,00
41,14	50,00
41,17	50,00
41,19	50,00
41,22	50,00
41,24	50,00
41,26	50,00
41,29	50,00
41,31	50,00
41,34	50,00
41,36	50,00
41,39	50,00
41,41	50,00
41,44	50,00
41,46	50,00
41,48	50,00
41,51	50,00
41,53	50,00
41,56	50,00
41,58	50,00
41,61	50,00
41,63	50,00
41,66	50,00
41,68	50,00
41,70	50,00
41,73	50,00
41,75	50,00
41,78	50,00
41,80	50,00
41,83	50,00
41,85	50,00
41,88	50,00
41,90	50,00
41,92	50,00
41,95	50,00
41,97	50,00
42,00	50,00
42,02	50,00
42,05	50,00
42,07	50,00
42,10	50,00
42,12	50,00
42,14	50,00
42,17	50,00
42,19	50,00
42,22	50,00
42,24	50,00
42,27	50,00
42,29	50,00
42,31	50,00
42,34	50,00
42,36	50,00
42,39	50,00
42,41	50,00
42,44	50,00
42,46	50,00
42,49	50,00
42,51	50,00
42,53	50,00
42,56	50,00
42,58	50,00
42,61	50,00
42,63	50,00
42,66	50,00
42,68	50,00
42,71	50,00
42,73	50,00
42,75	50,00
42,78	50,00
42,80	50,00
42,83	50,00
42,85	50,00
42,88	50,00
42,90	50,00
42,93	50,00
42,95	50,00
42,97	50,00
43,00	50,00
43,02	50,00
43,05	50,00
43,07	50,00
43,10	50,00
43,12	49,92
43,15	49,83
43,17	49,63
43,19	49,36
43,22	49,12
43,24	48,80
43,27	48,39
43,29	48,04
43,32	47,63
43,34	47,28
43,36	46,96
43,39	46,55
43,41	46,13
43,44	45,81
43,46	45,46
43,49	45,11
43,51	44,77
43,54	44,45
43,56	44,14
43,58	43,92
43,61	43,67
43,63	43,45
43,66	43,23
43,68	43,04
43,71	42,85
43,73	42,72
43,76	42,53
43,78	42,39
43,80	42,23
43,83	42,17
43,85	42,07
43,88	42,00
43,90	41,92
43,93	41,86
43,95	41,79
43,98	41,79
44,00	41,75
44,02	41,78
44,05	41,81
44,07	41,88
44,10	41,96
44,12	42,06
44,15	42,14
44,17	42,28
44,20	42,39
44,22	42,53
44,24	42,66
44,27	42,78
44,29	42,92
44,32	43,09
44,34	43,26
44,37	43,44
44,39	43,58
44,41	43,79
44,44	44,05
44,46	44,35
44,49	44,61
44,51	44,93
44,54	45,24
44,56	45,60
44,59	45,94
44,61	46,21
44,63	46,45
44,66	46,77
44,68	47,01
44,71	47,35
44,73	47,64
44,76	47,97
44,78	48,34
44,81	48,76
44,83	49,09
44,85	49,40
44,88	49,62
44,90	49,82
44,93	49,92
44,95	50,00
44,98	50,00
45,00	50,00
45,03	50,00
45,05	50,00
45,07	50,00
45,10	50,00
45,12	50,00
45,15	50,00
45,17	50,00
45,20	50,00
45,22	50,00
45,25	50,00
45,27	50,00
45,29	50,00
45,32	50,00
45,34	50,00
45,37	50,00
45,39	50,00
45,42	50,00
45,44	50,00
45,47	50,00
45,49	50,00
45,51	50,00
45,54	50,00
45,56	50,00
45,59	50,00
45,61	50,00
45,64	50,00
45,66	50,00
45,68	50,00
45,71	50,00
45,73	50,00
45,76	50,00
45,78	50,00
45,81	50,00
45,83	50,00
45,86	50,00
45,88	50,00
45,90	50,00
45,93	50,00
45,95	50,00
45,98	50,00
46,00	50,00
46,03	50,00
46,05	50,00
46,08	50,00
46,10	50,00
46,12	50,00
46,15	50,00
46,17	50,00
46,20	50,00
46,22	50,00
46,25	50,00
46,27	50,00
46,30	50,00
46,32	50,00
46,34	50,00
46,37	50,00
46,39	50,00
46,42	50,00
46,44	50,00
46,47	50,00
46,49	50,00
46,52	50,00
46,54	50,00
46,56	50,00
46,59	50,00
46,61	50,00
46,64	50,00
46,66	50,00
46,69	50,00
46,71	50,00
46,73	50,00
46,76	50,00
46,78	50,00
46,81	50,00
46,83	50,00
46,86	50,00
46,88	50,00
46,91	50,00
46,93	50,00
46,95	50,00
46,98	50,00
47,00	50,00
47,03	50,00
47,05	50,00
47,08	50,00
47,10	50,00
47,13	50,00
47,15	50,00
47,17	50,00
47,20	50,00
47,22	50,00
47,25	50,00
47,27	50,00
47,30	50,00
47,32	50,00
47,35	50,00
47,37	50,00
47,39	50,00
47,42	50,00
47,44	50,00
47,47	50,00
47,49	50,00
47,52	50,00
47,54	50,00
47,57	50,00
47,59	50,00
47,61	50,00
47,64	50,00
47,66	50,00
47,69	50,00
47,71	50,00
47,74	50,00
47,76	50,00
47,78	50,00
47,81	50,00
47,83	50,00
47,86	50,00
47,88	50,00
47,91	50,00
47,93	50,00
47,96	50,00
47,98	50,00
48,00	50,00
48,03	50,00
48,05	50,00
48,08	50,00
48,10	50,00
48,13	50,00
48,15	50,00
48,18	50,00
48,20	50,00
48,22	50,00
48,25	50,00
48,27	50,00
48,30	50,00
48,32	50,00
48,35	50,00
48,37	50,00
48,40	50,00
48,42	50,00
48,44	50,00
48,47	50,00
48,49	50,00
48,52	50,00
48,54	50,00
48,57	50,00
48,59	50,00
48,62	50,00
48,64	50,00
48,66	50,00
48,69	50,00
48,71	50,00
48,74	50,00
48,76	50,00
48,79	50,00
48,81	50,00
48,84	50,00
48,86	50,00
48,88	50,00
48,91	50,00
48,93	50,00
48,96	50,00
48,98	50,00
49,01	50,00
49,03	50,00
49,05	50,00
49,08	50,00
49,10	50,00
49,13	50,00
49,15	50,00
49,18	50,00
49,20	50,00
49,23	50,00
49,25	50,00
49,27	50,00
49,30	50,00
49,32	50,00
49,35	50,00
49,37	50,00
49,40	50,00
49,42	50,00
49,45	50,00
49,47	50,00
49,49	50,00
49,52	50,00
49,54	50,00
49,57	50,00
49,59	50,00
49,62	50,00
49,64	50,00
49,67	50,00
49,69	50,00
49,71	50,00
49,74	50,00
49,76	50,00
49,79	50,00
49,81	50,00
49,84	50,00
49,86	50,00
49,89	50,00
49,91	50,00
49,93	50,00
49,96	50,00
49,98	50,00
50,01	50,00
50,03	50,00
50,06	50,00
50,08	50,00
50,10	50,00
50,13	50,00
50,15	50,00
50,18	50,00
50,20	50,00
50,23	50,00
50,25	50,00
50,28	50,00
50,30	50,00
50,32	50,00
50,35	50,00
50,37	50,00
50,40	50,00
50,42	50,00
50,45	50,00
50,47	50,00
50,50	50,00
50,52	50,00
50,54	50,00
50,57	50,00
50,59	50,00
50,62	50,00
50,64	50,00
50,67	50,00
50,69	50,00
50,72	50,00
50,74	50,00
50,76	50,00
50,79	50,00
50,81	50,00
50,84	50,00
50,86	50,00
50,89	50,00
50,91	50,00
50,94	50,00
50,96	50,00
50,98	50,00
51,01	50,00
51,03	50,00
51,06	50,00
51,08	50,00
51,11	50,00
51,13	50,00
51,15	50,00
51,18	50,00
51,20	50,00
51,23	50,00
51,25	50,00
51,28	50,00
51,30	50,00
51,33	50,00
51,35	50,00
51,37	50,00
51,40	50,00
51,42	50,00
51,45	50,00
51,47	50,00
51,50	50,00
51,52	50,00
51,55	50,00
51,57	50,00
51,59	50,00
51,62	50,00
51,64	50,00
51,67	50,00
51,69	50,00
51,72	50,00
51,74	50,00
51,77	50,00
51,79	50,00
51,81	50,00
51,84	50,00
51,86	50,00
51,89	50,00
51,91	50,00
51,94	50,00
51,96	50,00
51,99	50,00
52,01	50,00
52,03	50,00
52,06	50,00
52,08	50,00
52,11	50,00
52,13	50,00
52,16	50,00
52,18	50,00
52,20	50,00
52,23	50,00
52,25	50,00
52,28	50,00
52,30	50,00
52,33	50,00
52,35	50,00
52,38	50,00
52,40	50,00
52,42	50,00
52,45	50,00
52,47	50,00
52,50	50,00
52,52	50,00
52,55	50,00
52,57	50,00
52,60	50,00
52,62	50,00
52,64	50,00
52,67	50,00
52,69	50,00
52,72	50,00
52,74	50,00
52,77	50,00
52,79	50,00
52,82	50,00
52,84	50,00
52,86	50,00
52,89	50,00
52,91	50,00
52,94	50,00
52,96	50,00
52,99	50,00
53,01	50,00
53,04	50,00
53,06	50,00
53,08	50,00
53,11	50,00
53,13	50,00
53,16	50,00
53,18	50,00
53,21	50,00
53,23	50,00
53,26	50,00
53,28	50,00
53,30	50,00
53,33	50,00
53,35	50,00
53,38	50,00
53,40	50,00
53,43	50,00
53,45	50,00
53,47	50,00
53,50	50,00
53,52	50,00
53,55	50,00
53,57	50,00
53,60	50,00
53,62	50,00
53,65	50,00
53,67	50,00
53,69	50,00
53,72	50,00
53,74	50,00
53,77	50,00
53,79	50,00
53,82	50,00
53,84	50,00
53,87	50,00
53,89	50,00
53,91	50,00
53,94	50,00
53,96	50,00
53,99	50,00
54,01	50,00
54,04	50,00
54,06	50,00
54,09	50,00
54,11	50,00
54,13	50,00
54,16	50,00
54,18	50,00
54,21	50,00
54,23	50,00
54,26	50,00
54,28	50,00
54,31	50,00
54,33	50,00
54,35	50,00
54,38	50,00
54,40	50,00
54,43	50,00
54,45	50,00
54,48	50,00
54,50	50,00
54,52	50,00
54,55	50,00
54,57	50,00
54,60	50,00
54,62	50,00
54,65	50,00
54,67	50,00
54,70	50,00
54,72	50,00
54,74	50,00
54,77	50,00
54,79	50,00
54,82	50,00
54,84	50,00
54,87	50,00
54,89	50,00
54,92	50,00
54,94	50,00
54,96	50,00
54,99	50,00
55,01	50,00
55,04	50,00
55,06	50,00
55,09	50,00
55,11	50,00
55,14	50,00
55,16	50,00
55,18	50,00
55,21	50,00
55,23	50,00
55,26	50,00
55,28	50,00
55,31	50,00
55,33	50,00
55,36	50,00
55,38	50,00
55,40	50,00
55,43	50,00
55,45	50,00
55,48	50,00
55,50	50,00
55,53	50,00
55,55	50,00
55,57	50,00
55,60	50,00
55,62	50,00
55,65	50,00
55,67	50,00
55,70	50,00
55,72	50,00
55,75	50,00
55,77	50,00
55,79	50,00
55,82	50,00
55,84	50,00
55,87	50,00
55,89	50,00
55,92	50,00
55,94	50,00
55,97	50,00
55,99	50,00
56,01	50,00
56,04	50,00
56,06	50,00
56,09	50,00
56,11	50,00
56,14	50,00
56,16	50,00
56,19	50,00
56,21	50,00
56,23	50,00
56,26	50,00
56,28	50,00
56,31	50,00
56,33	50,00
56,36	50,00
56,38	50,00
56,41	50,00
56,43	50,00
56,45	50,00
56,48	50,00
56,50	50,00
56,53	50,00
56,55	50,00
56,58	50,00
56,60	50,00
56,62	50,00
56,65	50,00
56,67	50,00
56,70	50,00
56,72	50,00
56,75	50,00
56,77	50,00
56,80	50,00
56,82	50,00
56,84	50,00
56,87	50,00
56,89	50,00
56,92	50,00
56,94	50,00
56,97	50,00
56,99	50,00
57,02	50,00
57,04	50,00
57,06	50,00
57,09	50,00
57,11	50,00
57,14	50,00
57,16	50,00
57,19	50,00
57,21	50,00
57,24	50,00
57,26	50,00
57,28	50,00
57,31	50,00
57,33	50,00
57,36	50,00
57,38	50,00
57,41	50,00
57,43	50,00
57,46	50,00
57,48	50,00
57,50	50,00
57,53	50,00
57,55	50,00
57,58	50,00
57,60	50,00
57,63	50,00
57,65	50,00
57,68	50,00
57,70	50,00
57,72	50,00
57,75	50,00
57,77	50,00
57,80	50,00
57,82	50,00
57,85	50,00
57,87	50,00
57,89	50,00
57,92	50,00
57,94	50,00
57,97	50,00
57,99	50,00
58,02	50,00
58,04	50,00
58,07	50,00
58,09	50,00
58,11	50,00
58,14	50,00
58,16	50,00
58,19	50,00
58,21	50,00
58,24	50,00
58,26	50,00
58,29	50,00
58,31	50,00
58,33	50,00
58,36	50,00
58,38	50,00
58,41	50,00
58,43	50,00
58,46	50,00
58,48	50,00
58,51	50,00
58,53	50,00
58,55	50,00
58,58	50,00
58,60	50,00
58,63	50,00
58,65	50,00
58,68	50,00
58,70	50,00
58,73	50,00
58,75	50,00
58,77	50,00
58,80	50,00
58,82	50,00
58,85	50,00
58,87	50,00
58,90	50,00
58,92	50,00
58,94	50,00
58,97	50,00
58,99	50,00
59,02	50,00
59,04	50,00
59,07	50,00
59,09	50,00
59,12	50,00
59,14	50,00
59,16	50,00
59,19	50,00
59,21	50,00
59,24	50,00
59,26	50,00
59,29	50,00
59,31	50,00
59,34	50,00
59,36	50,00
59,38	50,00
59,41	50,00
59,43	50,00
59,46	50,00
59,48	50,00
59,51	50,00
59,53	50,00
59,56	50,00
59,58	50,00
59,60	50,00
59,63	50,00
59,65	50,00
59,68	50,00
59,70	50,00
59,73	50,00
59,75	50,00
59,78	50,00
59,80	50,00
59,82	50,00
59,85	50,00
59,87	50,00
59,90	50,00
59,92	50,00
59,95	50,00
59,97	50,00
59,99	50,00
