Voltage U1	Corriente IA
U1/V	IA/nA

0,02	0,43
0,04	0,44
0,07	0,45
0,09	0,45
0,12	0,45
0,14	0,45
0,17	0,46
0,19	0,43
0,21	0,43
0,24	0,42
0,26	0,44
0,29	0,45
0,31	0,44
0,34	0,44
0,36	0,45
0,39	0,44
0,41	0,42
0,43	0,42
0,46	0,40
0,48	0,43
0,51	0,41
0,53	0,40
0,56	0,41
0,58	0,43
0,61	0,43
0,63	0,45
0,65	0,44
0,68	0,47
0,70	0,47
0,73	0,47
0,75	0,48
0,78	0,51
0,80	0,47
0,83	0,48
0,85	0,45
0,87	0,47
0,90	0,46
0,92	0,45
0,95	0,42
0,97	0,45
1,00	0,43
1,02	0,46
1,05	0,43
1,07	0,44
1,09	0,43
1,12	0,44
1,14	0,43
1,17	0,45
1,19	0,43
1,22	0,46
1,24	0,45
1,26	0,46
1,29	0,45
1,31	0,47
1,34	0,44
1,36	0,47
1,39	0,46
1,41	0,48
1,44	0,46
1,46	0,48
1,48	0,48
1,51	0,49
1,53	0,45
1,56	0,48
1,58	0,45
1,61	0,46
1,63	0,43
1,66	0,42
1,68	0,41
1,70	0,43
1,73	0,42
1,75	0,44
1,78	0,41
1,80	0,42
1,83	0,45
1,85	0,46
1,88	0,46
1,90	0,46
1,92	0,44
1,95	0,46
1,97	0,47
2,00	0,45
2,02	0,45
2,05	0,43
2,07	0,43
2,10	0,44
2,12	0,45
2,14	0,45
2,17	0,45
2,19	0,43
2,22	0,45
2,24	0,44
2,27	0,45
2,29	0,44
2,31	0,45
2,34	0,42
2,36	0,45
2,39	0,43
2,41	0,45
2,44	0,45
2,46	0,47
2,49	0,46
2,51	0,45
2,53	0,44
2,56	0,47
2,58	0,45
2,61	0,47
2,63	0,43
2,66	0,44
2,68	0,45
2,71	0,47
2,73	0,43
2,75	0,45
2,78	0,42
2,80	0,45
2,83	0,46
2,85	0,48
2,88	0,46
2,90	0,48
2,93	0,46
2,95	0,49
2,97	0,47
3,00	0,46
3,02	0,44
3,05	0,46
3,07	0,44
3,10	0,45
3,12	0,43
3,15	0,44
3,17	0,42
3,19	0,42
3,22	0,41
3,24	0,42
3,27	0,41
3,29	0,45
3,32	0,43
3,34	0,46
3,36	0,46
3,39	0,47
3,41	0,48
3,44	0,48
3,46	0,44
3,49	0,47
3,51	0,45
3,54	0,46
3,56	0,49
3,58	0,48
3,61	0,48
3,63	0,49
3,66	0,49
3,68	0,51
3,71	0,50
3,73	0,47
3,76	0,51
3,78	0,50
3,80	0,52
3,83	0,51
3,85	0,51
3,88	0,51
3,90	0,51
3,93	0,49
3,95	0,50
3,98	0,48
4,00	0,49
4,02	0,49
4,05	0,49
4,07	0,47
4,10	0,48
4,12	0,47
4,15	0,49
4,17	0,48
4,20	0,47
4,22	0,46
4,24	0,48
4,27	0,47
4,29	0,51
4,32	0,48
4,34	0,49
4,37	0,49
4,39	0,51
4,42	0,51
4,44	0,52
4,46	0,49
4,49	0,51
4,51	0,49
4,54	0,49
4,56	0,47
4,59	0,48
4,61	0,46
4,63	0,49
4,66	0,46
4,68	0,50
4,71	0,48
4,73	0,50
4,76	0,51
4,78	0,53
4,81	0,52
4,83	0,55
4,85	0,52
4,88	0,55
4,90	0,52
4,93	0,51
4,95	0,51
4,98	0,51
5,00	0,49
5,03	0,54
5,05	0,53
5,07	0,56
5,10	0,56
5,12	0,58
5,15	0,58
5,17	0,59
5,20	0,57
5,22	0,58
5,25	0,57
5,27	0,56
5,29	0,54
5,32	0,54
5,34	0,55
5,37	0,55
5,39	0,56
5,42	0,56
5,44	0,57
5,47	0,58
5,49	0,60
5,51	0,59
5,54	0,59
5,56	0,57
5,59	0,59
5,61	0,58
5,64	0,59
5,66	0,57
5,68	0,58
5,71	0,57
5,73	0,60
5,76	0,61
5,78	0,64
5,81	0,63
5,83	0,65
5,86	0,64
5,88	0,68
5,90	0,65
5,93	0,66
5,95	0,65
5,98	0,65
6,00	0,64
6,03	0,66
6,05	0,63
6,08	0,67
6,10	0,65
6,12	0,66
6,15	0,66
6,17	0,69
6,20	0,68
6,22	0,73
6,25	0,71
6,27	0,74
6,30	0,74
6,32	0,76
6,34	0,75
6,37	0,77
6,39	0,74
6,42	0,76
6,44	0,73
6,47	0,75
6,49	0,75
6,52	0,77
6,54	0,76
6,56	0,78
6,59	0,76
6,61	0,81
6,64	0,81
6,66	0,82
6,69	0,82
6,71	0,81
6,73	0,80
6,76	0,83
6,78	0,82
6,81	0,84
6,83	0,82
6,86	0,83
6,88	0,86
6,91	0,88
6,93	0,88
6,95	0,89
6,98	0,88
7,00	0,91
7,03	0,92
7,05	0,92
7,08	0,94
7,10	0,94
7,13	0,93
7,15	0,92
7,17	0,94
7,20	0,94
7,22	0,96
7,25	0,96
7,27	0,97
7,30	0,98
7,32	1,01
7,35	1,01
7,37	1,03
7,39	1,01
7,42	1,01
7,44	0,99
7,47	1,01
7,49	1,00
7,52	1,01
7,54	1,00
7,57	1,02
7,59	1,01
7,61	1,05
7,64	1,04
7,66	1,05
7,69	1,05
7,71	1,07
7,74	1,07
7,76	1,09
7,78	1,06
7,81	1,09
7,83	1,09
7,86	1,09
7,88	1,08
7,91	1,08
7,93	1,07
7,96	1,10
7,98	1,09
8,00	1,12
8,03	1,10
8,05	1,12
8,08	1,14
8,10	1,15
8,13	1,13
8,15	1,15
8,18	1,10
8,20	1,12
8,22	1,11
8,25	1,10
8,27	1,10
8,30	1,11
8,32	1,10
8,35	1,15
8,37	1,13
8,40	1,13
8,42	1,15
8,44	1,16
8,47	1,18
8,49	1,17
8,52	1,15
8,54	1,17
8,57	1,18
8,59	1,17
8,62	1,18
8,64	1,16
8,66	1,15
8,69	1,16
8,71	1,15
8,74	1,16
8,76	1,15
8,79	1,15
8,81	1,18
8,84	1,17
8,86	1,19
8,88	1,19
8,91	1,18
8,93	1,18
8,96	1,17
8,98	1,14
9,01	1,17
9,03	1,13
9,05	1,13
9,08	1,14
9,10	1,16
9,13	1,15
9,15	1,18
9,18	1,18
9,20	1,20
9,23	1,19
9,25	1,21
9,27	1,19
9,30	1,21
9,32	1,18
9,35	1,20
9,37	1,17
9,40	1,19
9,42	1,18
9,45	1,20
9,47	1,17
9,49	1,19
9,52	1,17
9,54	1,23
9,57	1,21
9,59	1,22
9,62	1,21
9,64	1,21
9,67	1,19
9,69	1,21
9,71	1,18
9,74	1,20
9,76	1,17
9,79	1,19
9,81	1,21
9,84	1,23
9,86	1,21
9,89	1,23
9,91	1,22
9,93	1,26
9,96	1,25
9,98	1,27
10,01	1,27
10,03	1,30
10,06	1,29
10,08	1,31
10,10	1,29
10,13	1,30
10,15	1,30
10,18	1,32
10,20	1,31
10,23	1,33
10,25	1,33
10,28	1,39
10,30	1,39
10,32	1,38
10,35	1,38
10,37	1,39
10,40	1,40
10,42	1,41
10,45	1,39
10,47	1,42
10,50	1,42
10,52	1,42
10,54	1,46
10,57	1,48
10,59	1,50
10,62	1,51
10,64	1,52
10,67	1,54
10,69	1,57
10,72	1,56
10,74	1,59
10,76	1,59
10,79	1,60
10,81	1,61
10,84	1,62
10,86	1,61
10,89	1,66
10,91	1,64
10,94	1,69
10,96	1,70
10,98	1,73
11,01	1,77
11,03	1,82
11,06	1,81
11,08	1,87
11,11	1,85
11,13	1,89
11,15	1,90
11,18	1,92
11,20	1,93
11,23	1,96
11,25	1,96
11,28	2,02
11,30	2,02
11,33	2,07
11,35	2,08
11,37	2,12
11,40	2,13
11,42	2,18
11,45	2,18
11,47	2,24
11,50	2,24
11,52	2,28
11,55	2,31
11,57	2,33
11,59	2,34
11,62	2,39
11,64	2,40
11,67	2,45
11,69	2,46
11,72	2,48
11,74	2,53
11,77	2,55
11,79	2,56
11,81	2,59
11,84	2,59
11,86	2,61
11,89	2,62
11,91	2,62
11,94	2,65
11,96	2,66
11,99	2,67
12,01	2,70
12,03	2,72
12,06	2,74
12,08	2,76
12,11	2,77
12,13	2,80
12,16	2,80
12,18	2,80
12,21	2,81
12,23	2,84
12,25	2,83
12,28	2,85
12,30	2,81
12,33	2,83
12,35	2,83
12,38	2,83
12,40	2,81
12,42	2,84
12,45	2,81
12,47	2,87
12,50	2,86
12,52	2,87
12,55	2,85
12,57	2,87
12,60	2,84
12,62	2,85
12,64	2,79
12,67	2,80
12,69	2,76
12,72	2,77
12,74	2,74
12,77	2,74
12,79	2,71
12,82	2,74
12,84	2,71
12,86	2,72
12,89	2,70
12,91	2,69
12,94	2,67
12,96	2,67
12,99	2,64
13,01	2,66
13,04	2,62
13,06	2,62
13,08	2,59
13,11	2,60
13,13	2,58
13,16	2,58
13,18	2,53
13,21	2,55
13,23	2,51
13,26	2,50
13,28	2,47
13,30	2,46
13,33	2,42
13,35	2,43
13,38	2,39
13,40	2,40
13,43	2,35
13,45	2,36
13,47	2,36
13,50	2,37
13,52	2,33
13,55	2,33
13,57	2,30
13,60	2,31
13,62	2,28
13,65	2,25
13,67	2,24
13,69	2,24
13,72	2,23
13,74	2,24
13,77	2,23
13,79	2,23
13,82	2,23
13,84	2,22
13,87	2,21
13,89	2,21
13,91	2,19
13,94	2,20
13,96	2,19
13,99	2,18
14,01	2,17
14,04	2,15
14,06	2,16
14,09	2,16
14,11	2,16
14,13	2,14
14,16	2,14
14,18	2,13
14,21	2,16
14,23	2,15
14,26	2,17
14,28	2,16
14,31	2,18
14,33	2,19
14,35	2,22
14,38	2,20
14,40	2,23
14,43	2,22
14,45	2,25
14,48	2,26
14,50	2,29
14,52	2,28
14,55	2,32
14,57	2,31
14,60	2,35
14,62	2,36
14,65	2,38
14,67	2,38
14,70	2,41
14,72	2,40
14,74	2,45
14,77	2,44
14,79	2,47
14,82	2,47
14,84	2,50
14,87	2,51
14,89	2,53
14,92	2,54
14,94	2,60
14,96	2,60
14,99	2,64
15,01	2,66
15,04	2,71
15,06	2,74
15,09	2,78
15,11	2,79
15,14	2,85
15,16	2,89
15,18	2,93
15,21	2,97
15,23	3,04
15,26	3,07
15,28	3,13
15,31	3,14
15,33	3,19
15,36	3,23
15,38	3,24
15,40	3,27
15,43	3,30
15,45	3,34
15,48	3,40
15,50	3,46
15,53	3,50
15,55	3,56
15,57	3,61
15,60	3,68
15,62	3,71
15,65	3,75
15,67	3,78
15,70	3,83
15,72	3,87
15,75	3,93
15,77	3,98
15,79	4,05
15,82	4,10
15,84	4,15
15,87	4,21
15,89	4,28
15,92	4,33
15,94	4,42
15,97	4,47
15,99	4,55
16,01	4,61
16,04	4,68
16,06	4,73
16,09	4,81
16,11	4,84
16,14	4,92
16,16	4,96
16,19	5,03
16,21	5,10
16,23	5,18
16,26	5,23
16,28	5,32
16,31	5,38
16,33	5,47
16,36	5,51
16,38	5,58
16,41	5,65
16,43	5,72
16,45	5,77
16,48	5,83
16,50	5,88
16,53	5,98
16,55	6,03
16,58	6,09
16,60	6,15
16,63	6,21
16,65	6,26
16,67	6,34
16,70	6,39
16,72	6,45
16,75	6,49
16,77	6,54
16,80	6,60
16,82	6,63
16,84	6,64
16,87	6,70
16,89	6,70
16,92	6,71
16,94	6,72
16,97	6,73
16,99	6,75
17,02	6,75
17,04	6,74
17,06	6,75
17,09	6,73
17,11	6,70
17,14	6,70
17,16	6,67
17,19	6,67
17,21	6,64
17,24	6,60
17,26	6,59
17,28	6,58
17,31	6,54
17,33	6,52
17,36	6,45
17,38	6,41
17,41	6,40
17,43	6,36
17,46	6,29
17,48	6,25
17,50	6,18
17,53	6,18
17,55	6,11
17,58	6,04
17,60	5,98
17,63	5,92
17,65	5,84
17,68	5,78
17,70	5,68
17,72	5,62
17,75	5,55
17,77	5,50
17,80	5,43
17,82	5,38
17,85	5,30
17,87	5,27
17,89	5,19
17,92	5,14
17,94	5,05
17,97	5,00
17,99	4,91
18,02	4,86
18,04	4,76
18,07	4,70
18,09	4,62
18,11	4,58
18,14	4,53
18,16	4,50
18,19	4,42
18,21	4,40
18,24	4,34
18,26	4,32
18,29	4,25
18,31	4,19
18,33	4,13
18,36	4,07
18,38	4,00
18,41	3,98
18,43	3,92
18,46	3,91
18,48	3,86
18,51	3,84
18,53	3,84
18,55	3,83
18,58	3,79
18,60	3,79
18,63	3,73
18,65	3,72
18,68	3,69
18,70	3,66
18,73	3,64
18,75	3,62
18,77	3,58
18,80	3,60
18,82	3,58
18,85	3,58
18,87	3,60
18,90	3,59
18,92	3,60
18,94	3,59
18,97	3,59
18,99	3,62
19,02	3,63
19,04	3,61
19,07	3,63
19,09	3,63
19,12	3,66
19,14	3,66
19,16	3,66
19,19	3,67
19,21	3,68
19,24	3,68
19,26	3,74
19,29	3,75
19,31	3,80
19,34	3,85
19,36	3,89
19,38	3,93
19,41	4,00
19,43	4,02
19,46	4,07
19,48	4,11
19,51	4,14
19,53	4,18
19,56	4,23
19,58	4,25
19,60	4,34
19,63	4,37
19,65	4,44
19,68	4,48
19,70	4,54
19,73	4,61
19,75	4,68
19,78	4,71
19,80	4,80
19,82	4,83
19,85	4,89
19,87	4,94
19,90	5,00
19,92	5,04
19,95	5,11
19,97	5,16
19,99	5,26
20,02	5,33
20,04	5,42
20,07	5,52
20,09	5,63
20,12	5,72
20,14	5,82
20,17	5,89
20,19	5,97
20,21	6,03
20,24	6,09
20,26	6,17
20,29	6,24
20,31	6,32
20,34	6,43
20,36	6,52
20,39	6,65
20,41	6,75
20,43	6,85
20,46	6,97
20,48	7,09
20,51	7,17
20,53	7,28
20,56	7,34
20,58	7,42
20,61	7,51
20,63	7,59
20,65	7,68
20,68	7,77
20,70	7,87
20,73	8,01
20,75	8,15
20,78	8,26
20,80	8,43
20,83	8,53
20,85	8,66
20,87	8,79
20,90	8,89
20,92	8,99
20,95	9,12
20,97	9,19
21,00	9,34
21,02	9,43
21,05	9,56
21,07	9,71
21,09	9,83
21,12	9,96
21,14	10,11
21,17	10,22
21,19	10,40
21,22	10,53
21,24	10,64
21,26	10,76
21,29	10,87
21,31	10,99
21,34	11,12
21,36	11,20
21,39	11,33
21,41	11,45
21,44	11,58
21,46	11,73
21,48	11,85
21,51	11,95
21,53	12,10
21,56	12,19
21,58	12,31
21,61	12,39
21,63	12,48
21,66	12,55
21,68	12,64
21,70	12,67
21,73	12,74
21,75	12,76
21,78	12,82
21,80	12,83
21,83	12,86
21,85	12,86
21,88	12,86
21,90	12,84
21,92	12,87
21,95	12,86
21,97	12,85
22,00	12,81
22,02	12,76
22,05	12,72
22,07	12,68
22,10	12,60
22,12	12,52
22,14	12,42
22,17	12,32
22,19	12,26
22,22	12,15
22,24	12,06
22,27	11,93
22,29	11,82
22,31	11,72
22,34	11,62
22,36	11,46
22,39	11,35
22,41	11,19
22,44	11,06
22,46	10,90
22,49	10,74
22,51	10,58
22,53	10,44
22,56	10,26
22,58	10,10
22,61	9,92
22,63	9,79
22,66	9,66
22,68	9,52
22,71	9,35
22,73	9,21
22,75	9,03
22,78	8,91
22,80	8,72
22,83	8,56
22,85	8,37
22,88	8,23
22,90	8,06
22,93	7,97
22,95	7,80
22,97	7,69
23,00	7,56
23,02	7,48
23,05	7,35
23,07	7,26
23,10	7,12
23,12	7,05
23,15	6,93
23,17	6,82
23,19	6,70
23,22	6,62
23,24	6,50
23,27	6,44
23,29	6,33
23,32	6,26
23,34	6,19
23,36	6,14
23,39	6,09
23,41	6,05
23,44	5,97
23,46	5,94
23,49	5,88
23,51	5,84
23,54	5,77
23,56	5,75
23,58	5,72
23,61	5,71
23,63	5,68
23,66	5,68
23,68	5,65
23,71	5,65
23,73	5,65
23,76	5,66
23,78	5,66
23,80	5,67
23,83	5,69
23,85	5,71
23,88	5,74
23,90	5,76
23,93	5,81
23,95	5,82
23,98	5,86
24,00	5,90
24,02	5,93
24,05	5,98
24,07	6,02
24,10	6,02
24,12	6,11
24,15	6,15
24,17	6,22
24,20	6,27
24,22	6,33
24,24	6,38
24,27	6,48
24,29	6,53
24,32	6,63
24,34	6,68
24,37	6,79
24,39	6,87
24,42	6,97
24,44	7,04
24,46	7,15
24,49	7,20
24,51	7,32
24,54	7,40
24,56	7,51
24,59	7,60
24,61	7,72
24,63	7,81
24,66	7,96
24,68	8,05
24,71	8,19
24,73	8,29
24,76	8,39
24,78	8,50
24,81	8,64
24,83	8,73
24,85	8,90
24,88	8,99
24,90	9,13
24,93	9,28
24,95	9,41
24,98	9,53
25,00	9,69
25,03	9,80
25,05	9,97
25,07	10,08
25,10	10,21
25,12	10,36
25,15	10,50
25,17	10,63
25,20	10,78
25,22	10,90
25,25	11,08
25,27	11,24
25,29	11,41
25,32	11,60
25,34	11,77
25,37	11,93
25,39	12,11
25,42	12,25
25,44	12,41
25,47	12,56
25,49	12,69
25,51	12,84
25,54	13,01
25,56	13,17
25,59	13,40
25,61	13,58
25,64	13,75
25,66	13,94
25,68	14,11
25,71	14,29
25,73	14,48
25,76	14,66
25,78	14,82
25,81	14,98
25,83	15,16
25,86	15,37
25,88	15,54
25,90	15,71
25,93	15,87
25,95	16,08
25,98	16,30
26,00	16,53
26,03	16,71
26,05	16,92
26,08	17,11
26,10	17,34
26,12	17,52
26,15	17,68
26,17	17,84
26,20	18,03
26,22	18,21
26,25	18,41
26,27	18,56
26,30	18,76
26,32	18,98
26,34	19,17
26,37	19,35
26,39	19,54
26,42	19,70
26,44	19,88
26,47	19,99
26,49	20,12
26,52	20,25
26,54	20,35
26,56	20,42
26,59	20,53
26,61	20,60
26,64	20,71
26,66	20,80
26,69	20,88
26,71	20,93
26,73	21,00
26,76	21,02
26,78	21,03
26,81	21,02
26,83	21,02
26,86	20,99
26,88	20,93
26,91	20,86
26,93	20,78
26,95	20,71
26,98	20,65
27,00	20,56
27,03	20,43
27,05	20,33
27,08	20,19
27,10	20,08
27,13	19,91
27,15	19,74
27,17	19,55
27,20	19,38
27,22	19,23
27,25	19,08
27,27	18,85
27,30	18,67
27,32	18,44
27,35	18,23
27,37	17,99
27,39	17,76
27,42	17,47
27,44	17,25
27,47	16,98
27,49	16,72
27,52	16,47
27,54	16,24
27,57	15,99
27,59	15,78
27,61	15,50
27,64	15,27
27,66	15,03
27,69	14,79
27,71	14,51
27,74	14,27
27,76	13,97
27,78	13,73
27,81	13,45
27,83	13,22
27,86	12,98
27,88	12,77
27,91	12,52
27,93	12,33
27,96	12,11
27,98	11,95
28,00	11,71
28,03	11,51
28,05	11,28
28,08	11,11
28,10	10,90
28,13	10,74
28,15	10,55
28,18	10,42
28,20	10,25
28,22	10,13
28,25	10,00
28,27	9,91
28,30	9,78
28,32	9,70
28,35	9,59
28,37	9,53
28,40	9,43
28,42	9,36
28,44	9,28
28,47	9,25
28,49	9,19
28,52	9,17
28,54	9,13
28,57	9,12
28,59	9,07
28,62	9,07
28,64	9,07
28,66	9,05
28,69	9,04
28,71	9,06
28,74	9,03
28,76	9,06
28,79	9,09
28,81	9,13
28,84	9,17
28,86	9,21
28,88	9,26
28,91	9,34
28,93	9,41
28,96	9,45
28,98	9,50
29,01	9,57
29,03	9,66
29,05	9,74
29,08	9,82
29,10	9,92
29,13	10,04
29,15	10,12
29,18	10,24
29,20	10,35
29,23	10,47
29,25	10,60
29,27	10,70
29,30	10,79
29,32	10,92
29,35	11,03
29,37	11,16
29,40	11,28
29,42	11,40
29,45	11,57
29,47	11,72
29,49	11,87
29,52	12,06
29,54	12,21
29,57	12,39
29,59	12,57
29,62	12,71
29,64	12,88
29,67	13,04
29,69	13,17
29,71	13,35
29,74	13,50
29,76	13,66
29,79	13,87
29,81	14,06
29,84	14,26
29,86	14,49
29,89	14,70
29,91	14,94
29,93	15,15
29,96	15,32
29,98	15,53
30,01	15,73
30,03	15,91
30,06	16,09
30,08	16,26
30,10	16,47
30,13	16,69
30,15	16,93
30,18	17,15
30,20	17,38
30,23	17,60
30,25	17,89
30,28	18,11
30,30	18,32
30,32	18,50
30,35	18,71
30,37	18,93
30,40	19,18
30,42	19,35
30,45	19,59
30,47	19,85
30,50	20,16
30,52	20,47
30,54	20,77
30,57	21,01
30,59	21,30
30,62	21,58
30,64	21,88
30,67	22,11
30,69	22,32
30,72	22,54
30,74	22,80
30,76	23,04
30,79	23,30
30,81	23,53
30,84	23,81
30,86	24,09
30,89	24,37
30,91	24,68
30,94	24,95
30,96	25,23
30,98	25,51
31,01	25,76
31,03	26,01
31,06	26,29
31,08	26,51
31,11	26,81
31,13	27,02
31,15	27,26
31,18	27,53
31,20	27,78
31,23	28,02
31,25	28,30
31,28	28,52
31,30	28,81
31,33	29,04
31,35	29,25
31,37	29,47
31,40	29,68
31,42	29,85
31,45	30,02
31,47	30,15
31,50	30,32
31,52	30,46
31,55	30,64
31,57	30,76
31,59	30,90
31,62	31,02
31,64	31,13
31,67	31,17
31,69	31,27
31,72	31,30
31,74	31,34
31,77	31,34
31,79	31,34
31,81	31,30
31,84	31,27
31,86	31,21
31,89	31,16
31,91	31,04
31,94	30,91
31,96	30,77
31,99	30,63
32,01	30,47
32,03	30,31
32,06	30,14
32,08	29,98
32,11	29,82
32,13	29,63
32,16	29,43
32,18	29,21
32,20	28,99
32,23	28,72
32,25	28,48
32,28	28,19
32,30	27,92
32,33	27,61
32,35	27,34
32,38	27,03
32,40	26,77
32,42	26,46
32,45	26,22
32,47	25,90
32,50	25,63
32,52	25,32
32,55	25,01
32,57	24,63
32,60	24,30
32,62	23,91
32,64	23,57
32,67	23,17
32,69	22,81
32,72	22,45
32,74	22,15
32,77	21,80
32,79	21,49
32,82	21,14
32,84	20,87
32,86	20,54
32,89	20,25
32,91	19,90
32,94	19,58
32,96	19,23
32,99	18,95
33,01	18,60
33,04	18,35
33,06	18,02
33,08	17,75
33,11	17,49
33,13	17,29
33,16	17,04
33,18	16,87
33,21	16,66
33,23	16,51
33,26	16,32
33,28	16,17
33,30	15,97
33,33	15,84
33,35	15,65
33,38	15,51
33,40	15,35
33,43	15,26
33,45	15,17
33,47	15,09
33,50	15,00
33,52	14,94
33,55	14,89
33,57	14,87
33,60	14,82
33,62	14,77
33,65	14,72
33,67	14,71
33,69	14,71
33,72	14,70
33,74	14,69
33,77	14,73
33,79	14,75
33,82	14,80
33,84	14,84
33,87	14,89
33,89	14,96
33,91	15,06
33,94	15,13
33,96	15,20
33,99	15,30
34,01	15,42
34,04	15,53
34,06	15,64
34,09	15,75
34,11	15,86
34,13	16,01
34,16	16,14
34,18	16,31
34,21	16,45
34,23	16,62
34,26	16,77
34,28	16,95
34,31	17,13
34,33	17,31
34,35	17,47
34,38	17,68
34,40	17,85
34,43	18,06
34,45	18,26
34,48	18,47
34,50	18,71
34,52	18,92
34,55	19,11
34,57	19,35
34,60	19,55
34,62	19,77
34,65	20,01
34,67	20,22
34,70	20,48
34,72	20,75
34,74	21,02
34,77	21,29
34,79	21,57
34,82	21,84
34,84	22,11
34,87	22,35
34,89	22,61
34,92	22,89
34,94	23,17
34,96	23,45
34,99	23,70
35,01	23,99
35,04	24,32
35,06	24,63
35,09	24,90
35,11	25,22
35,14	25,51
35,16	25,83
35,18	26,11
35,21	26,38
35,23	26,65
35,26	26,96
35,28	27,24
35,31	27,56
35,33	27,86
35,36	28,23
35,38	28,59
35,40	28,94
35,43	29,27
35,45	29,65
35,48	29,99
35,50	30,35
35,53	30,70
35,55	31,01
35,57	31,34
35,60	31,69
35,62	31,98
35,65	32,32
35,67	32,64
35,70	32,99
35,72	33,35
35,75	33,71
35,77	34,09
35,79	34,47
35,82	34,85
35,84	35,24
35,87	35,59
35,89	35,93
35,92	36,27
35,94	36,61
35,97	36,94
35,99	37,27
36,01	37,58
36,04	37,92
36,06	38,29
36,09	38,66
36,11	39,03
36,14	39,41
36,16	39,75
36,19	40,15
36,21	40,50
36,23	40,81
36,26	41,08
36,28	41,35
36,31	41,61
36,33	41,86
36,36	42,09
36,38	42,32
36,41	42,62
36,43	42,88
36,45	43,15
36,48	43,38
36,50	43,65
36,53	43,87
36,55	44,08
36,58	44,23
36,60	44,37
36,62	44,48
36,65	44,61
36,67	44,66
36,70	44,72
36,72	44,75
36,75	44,83
36,77	44,88
36,80	44,95
36,82	44,95
36,84	45,02
36,87	44,99
36,89	44,96
36,92	44,89
36,94	44,86
36,97	44,78
36,99	44,65
37,02	44,49
37,04	44,36
37,06	44,24
37,09	44,11
37,11	43,96
37,14	43,75
37,16	43,62
37,19	43,44
37,21	43,23
37,24	43,01
37,26	42,73
37,28	42,48
37,31	42,28
37,33	41,99
37,36	41,71
37,38	41,43
37,41	41,14
37,43	40,86
37,46	40,50
37,48	40,12
37,50	39,77
37,53	39,38
37,55	38,97
37,58	38,57
37,60	38,15
37,63	37,79
37,65	37,40
37,68	37,02
37,70	36,67
37,72	36,28
37,75	35,88
37,77	35,46
37,80	35,01
37,82	34,55
37,85	34,12
37,87	33,63
37,89	33,23
37,92	32,78
37,94	32,39
37,97	31,99
37,99	31,65
38,02	31,26
38,04	30,94
38,07	30,53
38,09	30,24
38,11	29,86
38,14	29,51
38,16	29,11
38,19	28,77
38,21	28,38
38,24	28,09
38,26	27,71
38,29	27,42
38,31	27,11
38,33	26,89
38,36	26,61
38,38	26,45
38,41	26,21
38,43	26,05
38,46	25,86
38,48	25,72
38,51	25,53
38,53	25,38
38,55	25,20
38,58	25,09
38,60	24,96
38,63	24,89
38,65	24,81
38,68	24,75
38,70	24,71
38,73	24,70
38,75	24,68
38,77	24,67
38,80	24,63
38,82	24,64
38,85	24,63
38,87	24,67
38,90	24,69
38,92	24,72
38,94	24,78
38,97	24,87
38,99	24,95
39,02	25,05
39,04	25,11
39,07	25,20
39,09	25,32
39,12	25,43
39,14	25,54
39,16	25,67
39,19	25,82
39,21	26,01
39,24	26,20
39,26	26,36
39,29	26,56
39,31	26,78
39,34	27,02
39,36	27,27
39,38	27,46
39,41	27,66
39,43	27,92
39,46	28,14
39,48	28,37
39,51	28,59
39,53	28,79
39,56	29,06
39,58	29,35
39,60	29,63
39,63	29,94
39,65	30,22
39,68	30,53
39,70	30,87
39,73	31,15
39,75	31,42
39,78	31,69
39,80	31,97
39,82	32,27
39,85	32,57
39,87	32,88
39,90	33,26
39,92	33,60
39,95	34,00
39,97	34,39
39,99	34,76
40,02	35,12
40,04	35,51
40,07	35,84
40,09	36,21
40,12	36,54
40,14	36,85
40,17	37,22
40,19	37,56
40,21	37,91
40,24	38,32
40,26	38,74
40,29	39,13
40,31	39,56
40,34	39,95
40,36	40,43
40,39	40,83
40,41	41,28
40,43	41,61
40,46	42,02
40,48	42,41
40,51	42,85
40,53	43,24
40,56	43,69
40,58	44,07
40,61	44,60
40,63	45,06
40,65	45,56
40,68	45,96
40,70	46,43
40,73	46,87
40,75	47,43
40,78	47,82
40,80	48,25
40,83	48,66
40,85	49,07
40,87	49,38
40,90	49,62
40,92	49,73
40,95	49,89
40,97	49,98
41,00	50,00
41,02	50,00
41,05	50,00
41,07	50,00
41,09	50,00
41,12	50,00
41,14	50,00
41,17	50,00
41,19	50,00
41,22	50,00
41,24	50,00
41,26	50,00
41,29	50,00
41,31	50,00
41,34	50,00
41,36	50,00
41,39	50,00
41,41	50,00
41,44	50,00
41,46	50,00
41,48	50,00
41,51	50,00
41,53	50,00
41,56	50,00
41,58	50,00
41,61	50,00
41,63	50,00
41,66	50,00
41,68	50,00
41,70	50,00
41,73	50,00
41,75	50,00
41,78	50,00
41,80	50,00
41,83	50,00
41,85	50,00
41,88	50,00
41,90	50,00
41,92	50,00
41,95	50,00
41,97	50,00
42,00	50,00
42,02	50,00
42,05	50,00
42,07	50,00
42,10	50,00
42,12	50,00
42,14	50,00
42,17	50,00
42,19	50,00
42,22	50,00
42,24	50,00
42,27	50,00
42,29	50,00
42,31	50,00
42,34	50,00
42,36	50,00
42,39	50,00
42,41	50,00
42,44	50,00
42,46	50,00
42,49	50,00
42,51	50,00
42,53	50,00
42,56	50,00
42,58	50,00
42,61	50,00
42,63	50,00
42,66	50,00
42,68	50,00
42,71	50,00
42,73	50,00
42,75	50,00
42,78	50,00
42,80	50,00
42,83	50,00
42,85	50,00
42,88	50,00
42,90	50,00
42,93	50,00
42,95	50,00
42,97	50,00
43,00	49,98
43,02	49,88
43,05	49,69
43,07	49,40
43,10	49,09
43,12	48,66
43,15	48,23
43,17	47,71
43,19	47,25
43,22	46,79
43,24	46,43
43,27	46,00
43,29	45,66
43,32	45,23
43,34	44,89
43,36	44,50
43,39	44,18
43,41	43,79
43,44	43,45
43,46	43,08
43,49	42,81
43,51	42,46
43,54	42,20
43,56	41,92
43,58	41,68
43,61	41,45
43,63	41,26
43,66	41,04
43,68	40,90
43,71	40,73
43,73	40,58
43,76	40,41
43,78	40,30
43,80	40,18
43,83	40,09
43,85	39,98
43,88	39,90
43,90	39,81
43,93	39,77
43,95	39,71
43,98	39,69
44,00	39,65
44,02	39,67
44,05	39,67
44,07	39,73
44,10	39,81
44,12	39,91
44,15	39,99
44,17	40,12
44,20	40,23
44,22	40,39
44,24	40,51
44,27	40,61
44,29	40,73
44,32	40,86
44,34	41,00
44,37	41,17
44,39	41,35
44,41	41,54
44,44	41,77
44,46	41,99
44,49	42,28
44,51	42,55
44,54	42,83
44,56	43,09
44,59	43,38
44,61	43,65
44,63	43,94
44,66	44,25
44,68	44,55
44,71	44,81
44,73	45,14
44,76	45,49
44,78	45,87
44,81	46,28
44,83	46,64
44,85	47,07
44,88	47,50
44,90	47,95
44,93	48,36
44,95	48,75
44,98	49,08
45,00	49,38
45,03	49,60
45,05	49,80
45,07	49,89
45,10	49,95
45,12	50,00
45,15	50,00
45,17	50,00
45,20	50,00
45,22	50,00
45,25	50,00
45,27	50,00
45,29	50,00
45,32	50,00
45,34	50,00
45,37	50,00
45,39	50,00
45,42	50,00
45,44	50,00
45,47	50,00
45,49	50,00
45,51	50,00
45,54	50,00
45,56	50,00
45,59	50,00
45,61	50,00
45,64	50,00
45,66	50,00
45,68	50,00
45,71	50,00
45,73	50,00
45,76	50,00
45,78	50,00
45,81	50,00
45,83	50,00
45,86	50,00
45,88	50,00
45,90	50,00
45,93	50,00
45,95	50,00
45,98	50,00
46,00	50,00
46,03	50,00
46,05	50,00
46,08	50,00
46,10	50,00
46,12	50,00
46,15	50,00
46,17	50,00
46,20	50,00
46,22	50,00
46,25	50,00
46,27	50,00
46,30	50,00
46,32	50,00
46,34	50,00
46,37	50,00
46,39	50,00
46,42	50,00
46,44	50,00
46,47	50,00
46,49	50,00
46,52	50,00
46,54	50,00
46,56	50,00
46,59	50,00
46,61	50,00
46,64	50,00
46,66	50,00
46,69	50,00
46,71	50,00
46,73	50,00
46,76	50,00
46,78	50,00
46,81	50,00
46,83	50,00
46,86	50,00
46,88	50,00
46,91	50,00
46,93	50,00
46,95	50,00
46,98	50,00
47,00	50,00
47,03	50,00
47,05	50,00
47,08	50,00
47,10	50,00
47,13	50,00
47,15	50,00
47,17	50,00
47,20	50,00
47,22	50,00
47,25	50,00
47,27	50,00
47,30	50,00
47,32	50,00
47,35	50,00
47,37	50,00
47,39	50,00
47,42	50,00
47,44	50,00
47,47	50,00
47,49	50,00
47,52	50,00
47,54	50,00
47,57	50,00
47,59	50,00
47,61	50,00
47,64	50,00
47,66	50,00
47,69	50,00
47,71	50,00
47,74	50,00
47,76	50,00
47,78	50,00
47,81	50,00
47,83	50,00
47,86	50,00
47,88	50,00
47,91	50,00
47,93	50,00
47,96	50,00
47,98	50,00
48,00	50,00
48,03	50,00
48,05	50,00
48,08	50,00
48,10	50,00
48,13	50,00
48,15	50,00
48,18	50,00
48,20	50,00
48,22	50,00
48,25	50,00
48,27	50,00
48,30	50,00
48,32	50,00
48,35	50,00
48,37	50,00
48,40	50,00
48,42	50,00
48,44	50,00
48,47	50,00
48,49	50,00
48,52	50,00
48,54	50,00
48,57	50,00
48,59	50,00
48,62	50,00
48,64	50,00
48,66	50,00
48,69	50,00
48,71	50,00
48,74	50,00
48,76	50,00
48,79	50,00
48,81	50,00
48,84	50,00
48,86	50,00
48,88	50,00
48,91	50,00
48,93	50,00
48,96	50,00
48,98	50,00
49,01	50,00
49,03	50,00
49,05	50,00
49,08	50,00
49,10	50,00
49,13	50,00
49,15	50,00
49,18	50,00
49,20	50,00
49,23	50,00
49,25	50,00
49,27	50,00
49,30	50,00
49,32	50,00
49,35	50,00
49,37	50,00
49,40	50,00
49,42	50,00
49,45	50,00
49,47	50,00
49,49	50,00
49,52	50,00
49,54	50,00
49,57	50,00
49,59	50,00
49,62	50,00
49,64	50,00
49,67	50,00
49,69	50,00
49,71	50,00
49,74	50,00
49,76	50,00
49,79	50,00
49,81	50,00
49,84	50,00
49,86	50,00
49,89	50,00
49,91	50,00
49,93	50,00
49,96	50,00
49,98	50,00
50,01	50,00
50,03	50,00
50,06	50,00
50,08	50,00
50,10	50,00
50,13	50,00
50,15	50,00
50,18	50,00
50,20	50,00
50,23	50,00
50,25	50,00
50,28	50,00
50,30	50,00
50,32	50,00
50,35	50,00
50,37	50,00
50,40	50,00
50,42	50,00
50,45	50,00
50,47	50,00
50,50	50,00
50,52	50,00
50,54	50,00
50,57	50,00
50,59	50,00
50,62	50,00
50,64	50,00
50,67	50,00
50,69	50,00
50,72	50,00
50,74	50,00
50,76	50,00
50,79	50,00
50,81	50,00
50,84	50,00
50,86	50,00
50,89	50,00
50,91	50,00
50,94	50,00
50,96	50,00
50,98	50,00
51,01	50,00
51,03	50,00
51,06	50,00
51,08	50,00
51,11	50,00
51,13	50,00
51,15	50,00
51,18	50,00
51,20	50,00
51,23	50,00
51,25	50,00
51,28	50,00
51,30	50,00
51,33	50,00
51,35	50,00
51,37	50,00
51,40	50,00
51,42	50,00
51,45	50,00
51,47	50,00
51,50	50,00
51,52	50,00
51,55	50,00
51,57	50,00
51,59	50,00
51,62	50,00
51,64	50,00
51,67	50,00
51,69	50,00
51,72	50,00
51,74	50,00
51,77	50,00
51,79	50,00
51,81	50,00
51,84	50,00
51,86	50,00
51,89	50,00
51,91	50,00
51,94	50,00
51,96	50,00
51,99	50,00
52,01	50,00
52,03	50,00
52,06	50,00
52,08	50,00
52,11	50,00
52,13	50,00
52,16	50,00
52,18	50,00
52,20	50,00
52,23	50,00
52,25	50,00
52,28	50,00
52,30	50,00
52,33	50,00
52,35	50,00
52,38	50,00
52,40	50,00
52,42	50,00
52,45	50,00
52,47	50,00
52,50	50,00
52,52	50,00
52,55	50,00
52,57	50,00
52,60	50,00
52,62	50,00
52,64	50,00
52,67	50,00
52,69	50,00
52,72	50,00
52,74	50,00
52,77	50,00
52,79	50,00
52,82	50,00
52,84	50,00
52,86	50,00
52,89	50,00
52,91	50,00
52,94	50,00
52,96	50,00
52,99	50,00
53,01	50,00
53,04	50,00
53,06	50,00
53,08	50,00
53,11	50,00
53,13	50,00
53,16	50,00
53,18	50,00
53,21	50,00
53,23	50,00
53,26	50,00
53,28	50,00
53,30	50,00
53,33	50,00
53,35	50,00
53,38	50,00
53,40	50,00
53,43	50,00
53,45	50,00
53,47	50,00
53,50	50,00
53,52	50,00
53,55	50,00
53,57	50,00
53,60	50,00
53,62	50,00
53,65	50,00
53,67	50,00
53,69	50,00
53,72	50,00
53,74	50,00
53,77	50,00
53,79	50,00
53,82	50,00
53,84	50,00
53,87	50,00
53,89	50,00
53,91	50,00
53,94	50,00
53,96	50,00
53,99	50,00
54,01	50,00
54,04	50,00
54,06	50,00
54,09	50,00
54,11	50,00
54,13	50,00
54,16	50,00
54,18	50,00
54,21	50,00
54,23	50,00
54,26	50,00
54,28	50,00
54,31	50,00
54,33	50,00
54,35	50,00
54,38	50,00
54,40	50,00
54,43	50,00
54,45	50,00
54,48	50,00
54,50	50,00
54,52	50,00
54,55	50,00
54,57	50,00
54,60	50,00
54,62	50,00
54,65	50,00
54,67	50,00
54,70	50,00
54,72	50,00
54,74	50,00
54,77	50,00
54,79	50,00
54,82	50,00
54,84	50,00
54,87	50,00
54,89	50,00
54,92	50,00
54,94	50,00
54,96	50,00
54,99	50,00
55,01	50,00
55,04	50,00
55,06	50,00
55,09	50,00
55,11	50,00
55,14	50,00
55,16	50,00
55,18	50,00
55,21	50,00
55,23	50,00
55,26	50,00
55,28	50,00
55,31	50,00
55,33	50,00
55,36	50,00
55,38	50,00
55,40	50,00
55,43	50,00
55,45	50,00
55,48	50,00
55,50	50,00
55,53	50,00
55,55	50,00
55,57	50,00
55,60	50,00
55,62	50,00
55,65	50,00
55,67	50,00
55,70	50,00
55,72	50,00
55,75	50,00
55,77	50,00
55,79	50,00
55,82	50,00
55,84	50,00
55,87	50,00
55,89	50,00
55,92	50,00
55,94	50,00
55,97	50,00
55,99	50,00
56,01	50,00
56,04	50,00
56,06	50,00
56,09	50,00
56,11	50,00
56,14	50,00
56,16	50,00
56,19	50,00
56,21	50,00
56,23	50,00
56,26	50,00
56,28	50,00
56,31	50,00
56,33	50,00
56,36	50,00
56,38	50,00
56,41	50,00
56,43	50,00
56,45	50,00
56,48	50,00
56,50	50,00
56,53	50,00
56,55	50,00
56,58	50,00
56,60	50,00
56,62	50,00
56,65	50,00
56,67	50,00
56,70	50,00
56,72	50,00
56,75	50,00
56,77	50,00
56,80	50,00
56,82	50,00
56,84	50,00
56,87	50,00
56,89	50,00
56,92	50,00
56,94	50,00
56,97	50,00
56,99	50,00
57,02	50,00
57,04	50,00
57,06	50,00
57,09	50,00
57,11	50,00
57,14	50,00
57,16	50,00
57,19	50,00
57,21	50,00
57,24	50,00
57,26	50,00
57,28	50,00
57,31	50,00
57,33	50,00
57,36	50,00
57,38	50,00
57,41	50,00
57,43	50,00
57,46	50,00
57,48	50,00
57,50	50,00
57,53	50,00
57,55	50,00
57,58	50,00
57,60	50,00
57,63	50,00
57,65	50,00
57,68	50,00
57,70	50,00
57,72	50,00
57,75	50,00
57,77	50,00
57,80	50,00
57,82	50,00
57,85	50,00
57,87	50,00
57,89	50,00
57,92	50,00
57,94	50,00
57,97	50,00
57,99	50,00
58,02	50,00
58,04	50,00
58,07	50,00
58,09	50,00
58,11	50,00
58,14	50,00
58,16	50,00
58,19	50,00
58,21	50,00
58,24	50,00
58,26	50,00
58,29	50,00
58,31	50,00
58,33	50,00
58,36	50,00
58,38	50,00
58,41	50,00
58,43	50,00
58,46	50,00
58,48	50,00
58,51	50,00
58,53	50,00
58,55	50,00
58,58	50,00
58,60	50,00
58,63	50,00
58,65	50,00
58,68	50,00
58,70	50,00
58,73	50,00
58,75	50,00
58,77	50,00
58,80	50,00
58,82	50,00
58,85	50,00
58,87	50,00
58,90	50,00
58,92	50,00
58,94	50,00
58,97	50,00
58,99	50,00
59,02	50,00
59,04	50,00
59,07	50,00
59,09	50,00
59,12	50,00
59,14	50,00
59,16	50,00
59,19	50,00
59,21	50,00
59,24	50,00
59,26	50,00
59,29	50,00
59,31	50,00
59,34	50,00
59,36	50,00
59,38	50,00
59,41	50,00
59,43	50,00
59,46	50,00
59,48	50,00
59,51	50,00
59,53	50,00
59,56	50,00
59,58	50,00
59,60	50,00
59,63	50,00
59,65	50,00
59,68	50,00
59,70	50,00
59,73	50,00
59,75	50,00
59,78	50,00
59,80	50,00
59,82	50,00
59,85	50,00
59,87	50,00
59,90	50,00
59,92	50,00
59,95	50,00
59,97	50,00
59,99	50,00
