Voltage U1	Corriente IA
U1/V	IA/nA

0,02	0,00
0,04	0,00
0,07	0,01
0,09	0,01
0,12	0,01
0,14	0,01
0,17	0,01
0,19	0,01
0,21	0,01
0,24	0,00
0,26	0,00
0,29	0,00
0,31	0,00
0,34	0,00
0,36	0,00
0,39	0,00
0,41	0,00
0,43	0,00
0,46	0,01
0,48	0,01
0,51	0,01
0,53	0,01
0,56	0,01
0,58	0,01
0,61	0,01
0,63	0,00
0,65	0,00
0,68	0,00
0,70	0,00
0,73	0,00
0,75	0,00
0,78	0,00
0,80	0,00
0,83	0,00
0,85	0,00
0,87	0,00
0,90	0,00
0,92	0,00
0,95	0,00
0,97	0,00
1,00	0,00
1,02	0,00
1,05	0,00
1,07	0,00
1,09	0,00
1,12	0,00
1,14	0,00
1,17	0,00
1,19	0,00
1,22	0,00
1,24	0,00
1,26	0,00
1,29	0,00
1,31	0,00
1,34	0,00
1,36	0,00
1,39	0,00
1,41	0,00
1,44	0,00
1,46	0,00
1,48	0,00
1,51	0,00
1,53	0,00
1,56	0,00
1,58	0,00
1,61	0,00
1,63	0,00
1,66	0,00
1,68	0,00
1,70	0,00
1,73	0,00
1,75	0,00
1,78	0,00
1,80	0,01
1,83	0,01
1,85	0,01
1,88	0,01
1,90	0,01
1,92	0,01
1,95	0,01
1,97	0,00
2,00	0,00
2,02	0,00
2,05	0,00
2,07	0,00
2,10	0,00
2,12	0,00
2,14	0,00
2,17	0,00
2,19	0,00
2,22	0,00
2,24	0,00
2,27	0,00
2,29	0,00
2,31	0,00
2,34	0,00
2,36	0,00
2,39	0,00
2,41	0,00
2,44	0,00
2,46	0,00
2,49	0,00
2,51	0,00
2,53	0,01
2,56	0,01
2,58	0,01
2,61	0,01
2,63	0,01
2,66	0,01
2,68	0,02
2,71	0,01
2,73	0,01
2,75	0,01
2,78	0,00
2,80	0,00
2,83	0,00
2,85	0,00
2,88	0,00
2,90	0,00
2,93	0,00
2,95	0,00
2,97	0,00
3,00	0,01
3,02	0,01
3,05	0,01
3,07	0,01
3,10	0,01
3,12	0,01
3,15	0,01
3,17	0,00
3,19	0,00
3,22	0,00
3,24	0,00
3,27	0,01
3,29	0,01
3,32	0,01
3,34	0,01
3,36	0,01
3,39	0,01
3,41	0,01
3,44	0,01
3,46	0,01
3,49	0,01
3,51	0,01
3,54	0,01
3,56	0,00
3,58	0,00
3,61	0,00
3,63	0,00
3,66	0,00
3,68	0,00
3,71	0,00
3,73	0,00
3,76	0,00
3,78	0,00
3,80	0,00
3,83	0,00
3,85	0,00
3,88	0,00
3,90	0,00
3,93	0,00
3,95	0,00
3,98	0,00
4,00	0,01
4,02	0,01
4,05	0,01
4,07	0,01
4,10	0,01
4,12	0,02
4,15	0,02
4,17	0,01
4,20	0,01
4,22	0,01
4,24	0,01
4,27	0,02
4,29	0,01
4,32	0,01
4,34	0,01
4,37	0,01
4,39	0,01
4,42	0,01
4,44	0,00
4,46	0,00
4,49	0,00
4,51	0,00
4,54	0,00
4,56	0,00
4,59	0,00
4,61	0,00
4,63	0,00
4,66	0,00
4,68	0,00
4,71	0,00
4,73	0,02
4,76	0,02
4,78	0,02
4,81	0,02
4,83	0,02
4,85	0,03
4,88	0,03
4,90	0,01
4,93	0,02
4,95	0,02
4,98	0,02
5,00	0,02
5,03	0,01
5,05	0,01
5,07	0,01
5,10	0,00
5,12	0,00
5,15	0,00
5,17	0,01
5,20	0,01
5,22	0,01
5,25	0,01
5,27	0,02
5,29	0,02
5,32	0,03
5,34	0,03
5,37	0,02
5,39	0,02
5,42	0,02
5,44	0,01
5,47	0,03
5,49	0,02
5,51	0,03
5,54	0,03
5,56	0,05
5,59	0,06
5,61	0,07
5,64	0,06
5,66	0,07
5,68	0,06
5,71	0,05
5,73	0,04
5,76	0,03
5,78	0,03
5,81	0,03
5,83	0,02
5,86	0,03
5,88	0,03
5,90	0,03
5,93	0,05
5,95	0,05
5,98	0,05
6,00	0,05
6,03	0,04
6,05	0,05
6,08	0,05
6,10	0,04
6,12	0,05
6,15	0,05
6,17	0,06
6,20	0,08
6,22	0,09
6,25	0,09
6,27	0,10
6,30	0,09
6,32	0,11
6,34	0,10
6,37	0,09
6,39	0,09
6,42	0,09
6,44	0,09
6,47	0,10
6,49	0,09
6,52	0,09
6,54	0,09
6,56	0,10
6,59	0,10
6,61	0,11
6,64	0,11
6,66	0,13
6,69	0,13
6,71	0,15
6,73	0,16
6,76	0,16
6,78	0,16
6,81	0,17
6,83	0,16
6,86	0,17
6,88	0,16
6,91	0,17
6,93	0,19
6,95	0,20
6,98	0,20
7,00	0,22
7,03	0,22
7,05	0,25
7,08	0,24
7,10	0,23
7,13	0,23
7,15	0,22
7,17	0,22
7,20	0,23
7,22	0,23
7,25	0,25
7,27	0,24
7,30	0,25
7,32	0,26
7,35	0,26
7,37	0,25
7,39	0,27
7,42	0,27
7,44	0,29
7,47	0,30
7,49	0,31
7,52	0,32
7,54	0,33
7,57	0,31
7,59	0,32
7,61	0,31
7,64	0,30
7,66	0,32
7,69	0,33
7,71	0,33
7,74	0,34
7,76	0,34
7,78	0,36
7,81	0,37
7,83	0,35
7,86	0,36
7,88	0,35
7,91	0,36
7,93	0,37
7,96	0,37
7,98	0,37
8,00	0,37
8,03	0,38
8,05	0,40
8,08	0,39
8,10	0,39
8,13	0,41
8,15	0,42
8,18	0,42
8,20	0,43
8,22	0,43
8,25	0,44
8,27	0,45
8,30	0,44
8,32	0,44
8,35	0,43
8,37	0,43
8,40	0,46
8,42	0,47
8,44	0,47
8,47	0,48
8,49	0,49
8,52	0,50
8,54	0,51
8,57	0,49
8,59	0,50
8,62	0,49
8,64	0,49
8,66	0,49
8,69	0,49
8,71	0,50
8,74	0,50
8,76	0,49
8,79	0,50
8,81	0,50
8,84	0,51
8,86	0,54
8,88	0,54
8,91	0,54
8,93	0,55
8,96	0,55
8,98	0,56
9,01	0,56
9,03	0,54
9,05	0,55
9,08	0,54
9,10	0,54
9,13	0,57
9,15	0,56
9,18	0,57
9,20	0,57
9,23	0,56
9,25	0,58
9,27	0,57
9,30	0,56
9,32	0,56
9,35	0,55
9,37	0,55
9,40	0,56
9,42	0,55
9,45	0,57
9,47	0,56
9,49	0,57
9,52	0,58
9,54	0,60
9,57	0,59
9,59	0,63
9,62	0,62
9,64	0,64
9,67	0,64
9,69	0,66
9,71	0,65
9,74	0,66
9,76	0,62
9,79	0,63
9,81	0,62
9,84	0,63
9,86	0,63
9,89	0,63
9,91	0,64
9,93	0,65
9,96	0,64
9,98	0,68
10,01	0,66
10,03	0,66
10,06	0,67
10,08	0,66
10,10	0,66
10,13	0,67
10,15	0,66
10,18	0,67
10,20	0,65
10,23	0,65
10,25	0,67
10,28	0,68
10,30	0,68
10,32	0,71
10,35	0,70
10,37	0,72
10,40	0,72
10,42	0,72
10,45	0,71
10,47	0,73
10,50	0,70
10,52	0,73
10,54	0,72
10,57	0,73
10,59	0,74
10,62	0,75
10,64	0,75
10,67	0,76
10,69	0,75
10,72	0,78
10,74	0,80
10,76	0,80
10,79	0,80
10,81	0,80
10,84	0,82
10,86	0,83
10,89	0,83
10,91	0,84
10,94	0,84
10,96	0,85
10,98	0,89
11,01	0,90
11,03	0,90
11,06	0,93
11,08	0,94
11,11	0,95
11,13	0,97
11,15	0,97
11,18	0,99
11,20	0,99
11,23	0,98
11,25	1,00
11,28	1,01
11,30	1,01
11,33	1,03
11,35	1,04
11,37	1,06
11,40	1,08
11,42	1,10
11,45	1,13
11,47	1,14
11,50	1,16
11,52	1,17
11,55	1,17
11,57	1,18
11,59	1,19
11,62	1,19
11,64	1,20
11,67	1,21
11,69	1,22
11,72	1,25
11,74	1,27
11,77	1,29
11,79	1,33
11,81	1,35
11,84	1,37
11,86	1,39
11,89	1,40
11,91	1,41
11,94	1,42
11,96	1,42
11,99	1,44
12,01	1,43
12,03	1,45
12,06	1,47
12,08	1,49
12,11	1,51
12,13	1,53
12,16	1,54
12,18	1,58
12,21	1,59
12,23	1,59
12,25	1,60
12,28	1,60
12,30	1,59
12,33	1,60
12,35	1,59
12,38	1,62
12,40	1,63
12,42	1,63
12,45	1,65
12,47	1,67
12,50	1,67
12,52	1,70
12,55	1,69
12,57	1,70
12,60	1,71
12,62	1,71
12,64	1,72
12,67	1,73
12,69	1,71
12,72	1,73
12,74	1,73
12,77	1,75
12,79	1,76
12,82	1,77
12,84	1,77
12,86	1,78
12,89	1,76
12,91	1,80
12,94	1,79
12,96	1,79
12,99	1,78
13,01	1,76
13,04	1,76
13,06	1,77
13,08	1,74
13,11	1,75
13,13	1,74
13,16	1,74
13,18	1,75
13,21	1,75
13,23	1,74
13,26	1,75
13,28	1,73
13,30	1,75
13,33	1,75
13,35	1,75
13,38	1,74
13,40	1,73
13,43	1,72
13,45	1,74
13,47	1,69
13,50	1,70
13,52	1,69
13,55	1,69
13,57	1,69
13,60	1,70
13,62	1,68
13,65	1,73
13,67	1,70
13,69	1,71
13,72	1,69
13,74	1,67
13,77	1,66
13,79	1,64
13,82	1,61
13,84	1,61
13,87	1,59
13,89	1,59
13,91	1,61
13,94	1,60
13,96	1,60
13,99	1,60
14,01	1,59
14,04	1,59
14,06	1,59
14,09	1,58
14,11	1,59
14,13	1,58
14,16	1,56
14,18	1,58
14,21	1,57
14,23	1,56
14,26	1,56
14,28	1,55
14,31	1,56
14,33	1,56
14,35	1,56
14,38	1,60
14,40	1,60
14,43	1,59
14,45	1,60
14,48	1,57
14,50	1,58
14,52	1,58
14,55	1,56
14,57	1,56
14,60	1,57
14,62	1,55
14,65	1,59
14,67	1,57
14,70	1,58
14,72	1,58
14,74	1,60
14,77	1,60
14,79	1,63
14,82	1,62
14,84	1,65
14,87	1,65
14,89	1,67
14,92	1,67
14,94	1,67
14,96	1,67
14,99	1,69
15,01	1,69
15,04	1,71
15,06	1,72
15,09	1,73
15,11	1,77
15,14	1,78
15,16	1,79
15,18	1,81
15,21	1,82
15,23	1,83
15,26	1,84
15,28	1,84
15,31	1,87
15,33	1,87
15,36	1,88
15,38	1,91
15,40	1,94
15,43	1,95
15,45	1,99
15,48	2,01
15,50	2,05
15,53	2,07
15,55	2,08
15,57	2,11
15,60	2,14
15,62	2,15
15,65	2,19
15,67	2,20
15,70	2,22
15,72	2,24
15,75	2,28
15,77	2,32
15,79	2,35
15,82	2,36
15,84	2,42
15,87	2,45
15,89	2,48
15,92	2,52
15,94	2,55
15,97	2,58
15,99	2,62
16,01	2,65
16,04	2,70
16,06	2,71
16,09	2,74
16,11	2,78
16,14	2,82
16,16	2,85
16,19	2,90
16,21	2,93
16,23	3,00
16,26	3,04
16,28	3,09
16,31	3,13
16,33	3,18
16,36	3,20
16,38	3,25
16,41	3,28
16,43	3,32
16,45	3,36
16,48	3,39
16,50	3,43
16,53	3,49
16,55	3,53
16,58	3,59
16,60	3,64
16,63	3,69
16,65	3,74
16,67	3,78
16,70	3,83
16,72	3,87
16,75	3,90
16,77	3,93
16,80	3,95
16,82	3,99
16,84	4,04
16,87	4,07
16,89	4,10
16,92	4,14
16,94	4,18
16,97	4,23
16,99	4,26
17,02	4,28
17,04	4,30
17,06	4,33
17,09	4,34
17,11	4,37
17,14	4,38
17,16	4,39
17,19	4,40
17,21	4,42
17,24	4,43
17,26	4,44
17,28	4,44
17,31	4,47
17,33	4,47
17,36	4,46
17,38	4,47
17,41	4,46
17,43	4,47
17,46	4,46
17,48	4,44
17,50	4,44
17,53	4,43
17,55	4,40
17,58	4,40
17,60	4,38
17,63	4,37
17,65	4,36
17,68	4,35
17,70	4,34
17,72	4,32
17,75	4,28
17,77	4,28
17,80	4,24
17,82	4,22
17,85	4,21
17,87	4,17
17,89	4,14
17,92	4,13
17,94	4,08
17,97	4,08
17,99	4,03
18,02	3,98
18,04	3,95
18,07	3,93
18,09	3,88
18,11	3,87
18,14	3,81
18,16	3,79
18,19	3,75
18,21	3,72
18,24	3,68
18,26	3,64
18,29	3,60
18,31	3,60
18,33	3,55
18,36	3,52
18,38	3,49
18,41	3,47
18,43	3,44
18,46	3,42
18,48	3,36
18,51	3,35
18,53	3,32
18,55	3,31
18,58	3,29
18,60	3,26
18,63	3,22
18,65	3,21
18,68	3,17
18,70	3,16
18,73	3,12
18,75	3,09
18,77	3,07
18,80	3,04
18,82	3,02
18,85	3,01
18,87	2,97
18,90	2,95
18,92	2,92
18,94	2,89
18,97	2,89
18,99	2,86
19,02	2,84
19,04	2,84
19,07	2,82
19,09	2,81
19,12	2,82
19,14	2,81
19,16	2,82
19,19	2,81
19,21	2,79
19,24	2,79
19,26	2,79
19,29	2,78
19,31	2,80
19,34	2,80
19,36	2,78
19,38	2,79
19,41	2,79
19,43	2,82
19,46	2,83
19,48	2,81
19,51	2,83
19,53	2,85
19,56	2,86
19,58	2,88
19,60	2,88
19,63	2,89
19,65	2,91
19,68	2,92
19,70	2,95
19,73	2,96
19,75	2,99
19,78	3,03
19,80	3,06
19,82	3,09
19,85	3,13
19,87	3,14
19,90	3,19
19,92	3,22
19,95	3,24
19,97	3,27
19,99	3,29
20,02	3,33
20,04	3,39
20,07	3,43
20,09	3,46
20,12	3,51
20,14	3,54
20,17	3,61
20,19	3,66
20,21	3,69
20,24	3,74
20,26	3,77
20,29	3,82
20,31	3,87
20,34	3,90
20,36	3,94
20,39	3,99
20,41	4,05
20,43	4,13
20,46	4,17
20,48	4,23
20,51	4,31
20,53	4,36
20,56	4,41
20,58	4,46
20,61	4,51
20,63	4,59
20,65	4,66
20,68	4,71
20,70	4,79
20,73	4,86
20,75	4,93
20,78	5,02
20,80	5,11
20,83	5,18
20,85	5,27
20,87	5,33
20,90	5,42
20,92	5,49
20,95	5,56
20,97	5,63
21,00	5,70
21,02	5,75
21,05	5,84
21,07	5,90
21,09	6,00
21,12	6,07
21,14	6,17
21,17	6,26
21,19	6,37
21,22	6,46
21,24	6,57
21,26	6,64
21,29	6,74
21,31	6,82
21,34	6,91
21,36	6,99
21,39	7,07
21,41	7,14
21,44	7,24
21,46	7,34
21,48	7,43
21,51	7,54
21,53	7,63
21,56	7,71
21,58	7,80
21,61	7,87
21,63	7,95
21,66	8,01
21,68	8,05
21,70	8,12
21,73	8,17
21,75	8,24
21,78	8,29
21,80	8,34
21,83	8,39
21,85	8,44
21,88	8,47
21,90	8,52
21,92	8,55
21,95	8,58
21,97	8,62
22,00	8,65
22,02	8,65
22,05	8,67
22,07	8,67
22,10	8,67
22,12	8,67
22,14	8,64
22,17	8,62
22,19	8,60
22,22	8,58
22,24	8,58
22,27	8,54
22,29	8,52
22,31	8,49
22,34	8,45
22,36	8,43
22,39	8,39
22,41	8,33
22,44	8,29
22,46	8,22
22,49	8,18
22,51	8,11
22,53	8,04
22,56	7,96
22,58	7,89
22,61	7,81
22,63	7,75
22,66	7,67
22,68	7,60
22,71	7,55
22,73	7,47
22,75	7,40
22,78	7,32
22,80	7,23
22,83	7,16
22,85	7,07
22,88	6,96
22,90	6,87
22,93	6,77
22,95	6,67
22,97	6,62
23,00	6,52
23,02	6,45
23,05	6,37
23,07	6,30
23,10	6,24
23,12	6,18
23,15	6,07
23,17	5,99
23,19	5,88
23,22	5,80
23,24	5,72
23,27	5,63
23,29	5,53
23,32	5,47
23,34	5,39
23,36	5,36
23,39	5,29
23,41	5,25
23,44	5,20
23,46	5,15
23,49	5,09
23,51	5,04
23,54	4,97
23,56	4,93
23,58	4,85
23,61	4,79
23,63	4,75
23,66	4,70
23,68	4,65
23,71	4,65
23,73	4,62
23,76	4,59
23,78	4,57
23,80	4,54
23,83	4,54
23,85	4,52
23,88	4,47
23,90	4,46
23,93	4,42
23,95	4,40
23,98	4,40
24,00	4,37
24,02	4,38
24,05	4,38
24,07	4,36
24,10	4,38
24,12	4,38
24,15	4,38
24,17	4,42
24,20	4,43
24,22	4,45
24,24	4,47
24,27	4,50
24,29	4,52
24,32	4,56
24,34	4,56
24,37	4,60
24,39	4,61
24,42	4,65
24,44	4,68
24,46	4,72
24,49	4,74
24,51	4,78
24,54	4,80
24,56	4,89
24,59	4,93
24,61	4,98
24,63	5,03
24,66	5,07
24,68	5,13
24,71	5,20
24,73	5,24
24,76	5,29
24,78	5,34
24,81	5,40
24,83	5,48
24,85	5,55
24,88	5,61
24,90	5,70
24,93	5,78
24,95	5,86
24,98	5,96
25,00	6,04
25,03	6,13
25,05	6,22
25,07	6,28
25,10	6,36
25,12	6,43
25,15	6,51
25,17	6,60
25,20	6,68
25,22	6,76
25,25	6,85
25,27	6,96
25,29	7,09
25,32	7,20
25,34	7,30
25,37	7,41
25,39	7,51
25,42	7,61
25,44	7,69
25,47	7,78
25,49	7,88
25,51	7,97
25,54	8,07
25,56	8,20
25,59	8,33
25,61	8,45
25,64	8,60
25,66	8,73
25,68	8,86
25,71	9,00
25,73	9,12
25,76	9,26
25,78	9,37
25,81	9,47
25,83	9,59
25,86	9,72
25,88	9,81
25,90	9,94
25,93	10,04
25,95	10,20
25,98	10,33
26,00	10,48
26,03	10,64
26,05	10,80
26,08	10,93
26,10	11,10
26,12	11,20
26,15	11,33
26,17	11,44
26,20	11,55
26,22	11,66
26,25	11,79
26,27	11,88
26,30	12,05
26,32	12,19
26,34	12,32
26,37	12,48
26,39	12,62
26,42	12,76
26,44	12,89
26,47	12,98
26,49	13,09
26,52	13,19
26,54	13,27
26,56	13,36
26,59	13,42
26,61	13,50
26,64	13,61
26,66	13,70
26,69	13,79
26,71	13,85
26,73	13,91
26,76	14,01
26,78	14,05
26,81	14,09
26,83	14,12
26,86	14,12
26,88	14,13
26,91	14,13
26,93	14,12
26,95	14,12
26,98	14,08
27,00	14,06
27,03	14,06
27,05	14,02
27,08	13,98
27,10	13,95
27,13	13,89
27,15	13,84
27,17	13,78
27,20	13,71
27,22	13,64
27,25	13,57
27,27	13,48
27,30	13,40
27,32	13,29
27,35	13,20
27,37	13,08
27,39	12,96
27,42	12,85
27,44	12,72
27,47	12,58
27,49	12,48
27,52	12,35
27,54	12,23
27,57	12,11
27,59	11,95
27,61	11,83
27,64	11,69
27,66	11,53
27,69	11,38
27,71	11,21
27,74	11,05
27,76	10,92
27,78	10,74
27,81	10,58
27,83	10,42
27,86	10,27
27,88	10,15
27,91	10,00
27,93	9,85
27,96	9,71
27,98	9,58
28,00	9,45
28,03	9,31
28,05	9,13
28,08	8,99
28,10	8,85
28,13	8,73
28,15	8,59
28,18	8,46
28,20	8,31
28,22	8,24
28,25	8,13
28,27	8,04
28,30	7,93
28,32	7,83
28,35	7,74
28,37	7,67
28,40	7,56
28,42	7,47
28,44	7,37
28,47	7,29
28,49	7,23
28,52	7,15
28,54	7,07
28,57	7,02
28,59	6,96
28,62	6,93
28,64	6,90
28,66	6,86
28,69	6,84
28,71	6,80
28,74	6,77
28,76	6,75
28,79	6,72
28,81	6,69
28,84	6,68
28,86	6,67
28,88	6,67
28,91	6,66
28,93	6,66
28,96	6,70
28,98	6,70
29,01	6,69
29,03	6,72
29,05	6,72
29,08	6,75
29,10	6,77
29,13	6,79
29,15	6,82
29,18	6,87
29,20	6,89
29,23	6,97
29,25	7,02
29,27	7,07
29,30	7,11
29,32	7,17
29,35	7,22
29,37	7,29
29,40	7,34
29,42	7,41
29,45	7,49
29,47	7,57
29,49	7,67
29,52	7,74
29,54	7,83
29,57	7,94
29,59	8,03
29,62	8,13
29,64	8,21
29,67	8,29
29,69	8,41
29,71	8,50
29,74	8,60
29,76	8,70
29,79	8,80
29,81	8,91
29,84	9,03
29,86	9,14
29,89	9,28
29,91	9,39
29,93	9,52
29,96	9,64
29,98	9,77
30,01	9,89
30,03	10,01
30,06	10,12
30,08	10,26
30,10	10,39
30,13	10,54
30,15	10,69
30,18	10,85
30,20	11,00
30,23	11,17
30,25	11,31
30,28	11,47
30,30	11,61
30,32	11,75
30,35	11,89
30,37	12,04
30,40	12,18
30,42	12,35
30,45	12,49
30,47	12,66
30,50	12,85
30,52	13,03
30,54	13,20
30,57	13,39
30,59	13,57
30,62	13,77
30,64	13,94
30,67	14,11
30,69	14,26
30,72	14,45
30,74	14,59
30,76	14,79
30,79	14,93
30,81	15,13
30,84	15,31
30,86	15,53
30,89	15,71
30,91	15,94
30,94	16,11
30,96	16,34
30,98	16,51
31,01	16,70
31,03	16,86
31,06	17,04
31,08	17,20
31,11	17,38
31,13	17,54
31,15	17,75
31,18	17,93
31,20	18,11
31,23	18,29
31,25	18,48
31,28	18,67
31,30	18,85
31,33	19,02
31,35	19,18
31,37	19,32
31,40	19,47
31,42	19,62
31,45	19,75
31,47	19,87
31,50	19,98
31,52	20,11
31,55	20,23
31,57	20,33
31,59	20,43
31,62	20,52
31,64	20,60
31,67	20,67
31,69	20,74
31,72	20,78
31,74	20,84
31,77	20,87
31,79	20,87
31,81	20,89
31,84	20,89
31,86	20,87
31,89	20,87
31,91	20,83
31,94	20,79
31,96	20,75
31,99	20,68
32,01	20,62
32,03	20,54
32,06	20,49
32,08	20,41
32,11	20,32
32,13	20,23
32,16	20,14
32,18	20,03
32,20	19,92
32,23	19,76
32,25	19,62
32,28	19,48
32,30	19,32
32,33	19,14
32,35	18,98
32,38	18,80
32,40	18,63
32,42	18,48
32,45	18,30
32,47	18,13
32,50	17,95
32,52	17,76
32,55	17,58
32,57	17,38
32,60	17,14
32,62	16,93
32,64	16,69
32,67	16,47
32,69	16,23
32,72	15,98
32,74	15,80
32,77	15,61
32,79	15,41
32,82	15,22
32,84	15,00
32,86	14,82
32,89	14,67
32,91	14,44
32,94	14,23
32,96	14,00
32,99	13,79
33,01	13,60
33,04	13,40
33,06	13,17
33,08	12,98
33,11	12,80
33,13	12,65
33,16	12,52
33,18	12,37
33,21	12,22
33,23	12,08
33,26	11,94
33,28	11,82
33,30	11,67
33,33	11,51
33,35	11,38
33,38	11,25
33,40	11,14
33,43	11,04
33,45	10,92
33,47	10,83
33,50	10,75
33,52	10,68
33,55	10,63
33,57	10,56
33,60	10,49
33,62	10,45
33,65	10,39
33,67	10,35
33,69	10,31
33,72	10,27
33,74	10,26
33,77	10,24
33,79	10,22
33,82	10,21
33,84	10,21
33,87	10,20
33,89	10,23
33,91	10,23
33,94	10,25
33,96	10,27
33,99	10,29
34,01	10,32
34,04	10,36
34,06	10,38
34,09	10,45
34,11	10,49
34,13	10,56
34,16	10,62
34,18	10,68
34,21	10,75
34,23	10,83
34,26	10,88
34,28	10,96
34,31	11,02
34,33	11,12
34,35	11,23
34,38	11,34
34,40	11,46
34,43	11,58
34,45	11,70
34,48	11,85
34,50	11,97
34,52	12,07
34,55	12,19
34,57	12,29
34,60	12,40
34,62	12,54
34,65	12,67
34,67	12,82
34,70	12,98
34,72	13,14
34,74	13,35
34,77	13,54
34,79	13,72
34,82	13,90
34,84	14,04
34,87	14,19
34,89	14,36
34,92	14,50
34,94	14,67
34,96	14,82
34,99	14,99
35,01	15,20
35,04	15,40
35,06	15,58
35,09	15,80
35,11	16,00
35,14	16,21
35,16	16,42
35,18	16,60
35,21	16,78
35,23	16,97
35,26	17,15
35,28	17,34
35,31	17,51
35,33	17,70
35,36	17,95
35,38	18,19
35,40	18,41
35,43	18,64
35,45	18,85
35,48	19,12
35,50	19,35
35,53	19,59
35,55	19,80
35,57	20,02
35,60	20,20
35,62	20,40
35,65	20,60
35,67	20,84
35,70	21,02
35,72	21,28
35,75	21,51
35,77	21,80
35,79	22,07
35,82	22,36
35,84	22,58
35,87	22,85
35,89	23,06
35,92	23,31
35,94	23,51
35,97	23,74
35,99	23,92
36,01	24,15
36,04	24,37
36,06	24,63
36,09	24,90
36,11	25,15
36,14	25,40
36,16	25,64
36,19	25,89
36,21	26,13
36,23	26,31
36,26	26,45
36,28	26,63
36,31	26,79
36,33	26,96
36,36	27,12
36,38	27,26
36,41	27,44
36,43	27,63
36,45	27,80
36,48	27,96
36,50	28,09
36,53	28,20
36,55	28,33
36,58	28,42
36,60	28,50
36,62	28,57
36,65	28,62
36,67	28,68
36,70	28,72
36,72	28,74
36,75	28,78
36,77	28,79
36,80	28,79
36,82	28,82
36,84	28,80
36,87	28,79
36,89	28,78
36,92	28,71
36,94	28,68
36,97	28,62
36,99	28,52
37,02	28,45
37,04	28,36
37,06	28,26
37,09	28,16
37,11	28,03
37,14	27,91
37,16	27,76
37,19	27,60
37,21	27,43
37,24	27,24
37,26	27,05
37,28	26,91
37,31	26,72
37,33	26,57
37,36	26,39
37,38	26,21
37,41	26,01
37,43	25,82
37,46	25,54
37,48	25,30
37,50	25,04
37,53	24,78
37,55	24,53
37,58	24,27
37,60	23,99
37,63	23,74
37,65	23,50
37,68	23,27
37,70	23,04
37,72	22,77
37,75	22,53
37,77	22,27
37,80	22,00
37,82	21,71
37,85	21,40
37,87	21,10
37,89	20,85
37,92	20,56
37,94	20,32
37,97	20,04
37,99	19,82
38,02	19,62
38,04	19,43
38,07	19,20
38,09	19,01
38,11	18,78
38,14	18,59
38,16	18,34
38,19	18,08
38,21	17,85
38,24	17,61
38,26	17,39
38,29	17,21
38,31	17,03
38,33	16,87
38,36	16,72
38,38	16,56
38,41	16,46
38,43	16,34
38,46	16,20
38,48	16,09
38,51	15,96
38,53	15,84
38,55	15,74
38,58	15,62
38,60	15,55
38,63	15,46
38,65	15,38
38,68	15,33
38,70	15,28
38,73	15,24
38,75	15,21
38,77	15,17
38,80	15,17
38,82	15,15
38,85	15,14
38,87	15,13
38,90	15,14
38,92	15,12
38,94	15,16
38,97	15,17
38,99	15,21
39,02	15,24
39,04	15,29
39,07	15,33
39,09	15,38
39,12	15,42
39,14	15,54
39,16	15,61
39,19	15,68
39,21	15,77
39,24	15,84
39,26	15,94
39,29	16,06
39,31	16,15
39,34	16,26
39,36	16,38
39,38	16,48
39,41	16,63
39,43	16,74
39,46	16,85
39,48	16,99
39,51	17,13
39,53	17,28
39,56	17,47
39,58	17,63
39,60	17,81
39,63	17,99
39,65	18,16
39,68	18,36
39,70	18,54
39,73	18,70
39,75	18,88
39,78	19,06
39,80	19,25
39,82	19,44
39,85	19,62
39,87	19,83
39,90	20,08
39,92	20,30
39,95	20,54
39,97	20,75
39,99	20,98
40,02	21,22
40,04	21,46
40,07	21,64
40,09	21,85
40,12	22,06
40,14	22,37
40,17	22,60
40,19	22,83
40,21	23,07
40,24	23,35
40,26	23,61
40,29	23,92
40,31	24,11
40,34	24,39
40,36	24,66
40,39	24,94
40,41	25,22
40,43	25,48
40,46	25,69
40,48	25,97
40,51	26,22
40,53	26,51
40,56	26,76
40,58	27,04
40,61	27,35
40,63	27,69
40,65	27,97
40,68	28,30
40,70	28,59
40,73	28,91
40,75	29,20
40,78	29,45
40,80	29,72
40,83	30,01
40,85	30,28
40,87	30,55
40,90	30,80
40,92	31,09
40,95	31,45
40,97	31,76
41,00	32,06
41,02	32,35
41,05	32,64
41,07	32,95
41,09	33,24
41,12	33,45
41,14	33,72
41,17	33,92
41,19	34,18
41,22	34,43
41,24	34,65
41,26	34,85
41,29	35,10
41,31	35,30
41,34	35,56
41,36	35,75
41,39	35,93
41,41	36,14
41,44	36,32
41,46	36,50
41,48	36,66
41,51	36,81
41,53	36,96
41,56	37,09
41,58	37,20
41,61	37,33
41,63	37,41
41,66	37,49
41,68	37,58
41,70	37,64
41,73	37,69
41,75	37,72
41,78	37,75
41,80	37,76
41,83	37,79
41,85	37,78
41,88	37,80
41,90	37,80
41,92	37,80
41,95	37,79
41,97	37,77
42,00	37,74
42,02	37,71
42,05	37,64
42,07	37,58
42,10	37,50
42,12	37,39
42,14	37,28
42,17	37,16
42,19	37,04
42,22	36,90
42,24	36,72
42,27	36,57
42,29	36,41
42,31	36,26
42,34	36,06
42,36	35,85
42,39	35,62
42,41	35,44
42,44	35,20
42,46	34,97
42,49	34,69
42,51	34,48
42,53	34,26
42,56	34,05
42,58	33,79
42,61	33,58
42,63	33,31
42,66	33,10
42,68	32,83
42,71	32,56
42,73	32,25
42,75	31,98
42,78	31,66
42,80	31,43
42,83	31,12
42,85	30,80
42,88	30,53
42,90	30,28
42,93	30,01
42,95	29,78
42,97	29,48
43,00	29,22
43,02	28,95
43,05	28,67
43,07	28,40
43,10	28,11
43,12	27,80
43,15	27,52
43,17	27,26
43,19	27,02
43,22	26,78
43,24	26,57
43,27	26,38
43,29	26,19
43,32	26,00
43,34	25,82
43,36	25,61
43,39	25,41
43,41	25,19
43,44	24,99
43,46	24,80
43,49	24,62
43,51	24,43
43,54	24,31
43,56	24,16
43,58	24,02
43,61	23,89
43,63	23,75
43,66	23,65
43,68	23,55
43,71	23,45
43,73	23,36
43,76	23,29
43,78	23,21
43,80	23,18
43,83	23,12
43,85	23,08
43,88	23,03
43,90	23,01
43,93	22,99
43,95	22,98
43,98	22,96
44,00	22,96
44,02	22,96
44,05	23,00
44,07	23,02
44,10	23,06
44,12	23,10
44,15	23,17
44,17	23,24
44,20	23,32
44,22	23,40
44,24	23,47
44,27	23,58
44,29	23,67
44,32	23,77
44,34	23,85
44,37	23,95
44,39	24,06
44,41	24,20
44,44	24,31
44,46	24,47
44,49	24,61
44,51	24,77
44,54	24,96
44,56	25,12
44,59	25,31
44,61	25,48
44,63	25,64
44,66	25,81
44,68	26,00
44,71	26,18
44,73	26,38
44,76	26,59
44,78	26,82
44,81	27,10
44,83	27,34
44,85	27,60
44,88	27,84
44,90	28,12
44,93	28,37
44,95	28,63
44,98	28,82
45,00	29,08
45,03	29,29
45,05	29,56
45,07	29,78
45,10	30,06
45,12	30,34
45,15	30,68
45,17	30,96
45,20	31,31
45,22	31,59
45,25	31,91
45,27	32,19
45,29	32,54
45,32	32,78
45,34	33,09
45,37	33,36
45,39	33,69
45,42	33,99
45,44	34,33
45,47	34,62
45,49	34,98
45,51	35,30
45,54	35,67
45,56	36,03
45,59	36,40
45,61	36,77
45,64	37,09
45,66	37,43
45,68	37,75
45,71	38,08
45,73	38,39
45,76	38,72
45,78	39,00
45,81	39,35
45,83	39,69
45,86	40,08
45,88	40,41
45,90	40,79
45,93	41,10
45,95	41,44
45,98	41,78
46,00	42,11
46,03	42,41
46,05	42,72
46,08	43,01
46,10	43,33
46,12	43,65
46,15	43,94
46,17	44,25
46,20	44,57
46,22	44,85
46,25	45,18
46,27	45,49
46,30	45,78
46,32	46,09
46,34	46,41
46,37	46,63
46,39	46,94
46,42	47,15
46,44	47,37
46,47	47,60
46,49	47,82
46,52	47,99
46,54	48,27
46,56	48,45
46,59	48,67
46,61	48,87
46,64	49,05
46,66	49,20
46,69	49,38
46,71	49,51
46,73	49,65
46,76	49,76
46,78	49,85
46,81	49,91
46,83	49,96
46,86	49,98
46,88	50,00
46,91	50,00
46,93	50,00
46,95	50,00
46,98	50,00
47,00	50,00
47,03	50,00
47,05	50,00
47,08	50,00
47,10	50,00
47,13	50,00
47,15	50,00
47,17	50,00
47,20	50,00
47,22	50,00
47,25	50,00
47,27	50,00
47,30	50,00
47,32	50,00
47,35	49,98
47,37	49,96
47,39	49,91
47,42	49,83
47,44	49,74
47,47	49,65
47,49	49,51
47,52	49,38
47,54	49,20
47,57	49,05
47,59	48,88
47,61	48,70
47,64	48,48
47,66	48,30
47,69	48,07
47,71	47,85
47,74	47,63
47,76	47,43
47,78	47,21
47,81	47,00
47,83	46,77
47,86	46,55
47,88	46,33
47,91	46,09
47,93	45,84
47,96	45,57
47,98	45,32
48,00	45,02
48,03	44,74
48,05	44,50
48,08	44,21
48,10	43,94
48,13	43,70
48,15	43,44
48,18	43,22
48,20	42,99
48,22	42,74
48,25	42,52
48,27	42,27
48,30	42,00
48,32	41,74
48,35	41,50
48,37	41,24
48,40	40,99
48,42	40,75
48,44	40,53
48,47	40,36
48,49	40,18
48,52	40,01
48,54	39,83
48,57	39,67
48,59	39,53
48,62	39,38
48,64	39,17
48,66	39,02
48,69	38,83
48,71	38,71
48,74	38,56
48,76	38,40
48,79	38,25
48,81	38,15
48,84	38,04
48,86	37,96
48,88	37,86
48,91	37,79
48,93	37,73
48,96	37,71
48,98	37,68
49,01	37,66
49,03	37,65
49,05	37,65
49,08	37,65
49,10	37,65
49,13	37,66
49,15	37,68
49,18	37,69
49,20	37,72
49,23	37,75
49,25	37,82
49,27	37,91
49,30	38,00
49,32	38,12
49,35	38,22
49,37	38,35
49,40	38,50
49,42	38,64
49,45	38,76
49,47	38,92
49,49	39,02
49,52	39,20
49,54	39,34
49,57	39,49
49,59	39,65
49,62	39,83
49,64	40,01
49,67	40,23
49,69	40,44
49,71	40,69
49,74	40,92
49,76	41,18
49,79	41,44
49,81	41,70
49,84	41,91
49,86	42,17
49,89	42,41
49,91	42,70
49,93	42,96
49,96	43,20
49,98	43,51
50,01	43,89
50,03	44,22
50,06	44,57
50,08	44,85
50,10	45,21
50,13	45,60
50,15	45,96
50,18	46,31
50,20	46,65
50,23	46,97
50,25	47,40
50,28	47,71
50,30	48,07
50,32	48,42
50,35	48,79
50,37	49,12
50,40	49,43
50,42	49,63
50,45	49,83
50,47	49,94
50,50	50,00
50,52	50,00
50,54	50,00
50,57	50,00
50,59	50,00
50,62	50,00
50,64	50,00
50,67	50,00
50,69	50,00
50,72	50,00
50,74	50,00
50,76	50,00
50,79	50,00
50,81	50,00
50,84	50,00
50,86	50,00
50,89	50,00
50,91	50,00
50,94	50,00
50,96	50,00
50,98	50,00
51,01	50,00
51,03	50,00
51,06	50,00
51,08	50,00
51,11	50,00
51,13	50,00
51,15	50,00
51,18	50,00
51,20	50,00
51,23	50,00
51,25	50,00
51,28	50,00
51,30	50,00
51,33	50,00
51,35	50,00
51,37	50,00
51,40	50,00
51,42	50,00
51,45	50,00
51,47	50,00
51,50	50,00
51,52	50,00
51,55	50,00
51,57	50,00
51,59	50,00
51,62	50,00
51,64	50,00
51,67	50,00
51,69	50,00
51,72	50,00
51,74	50,00
51,77	50,00
51,79	50,00
51,81	50,00
51,84	50,00
51,86	50,00
51,89	50,00
51,91	50,00
51,94	50,00
51,96	50,00
51,99	50,00
52,01	50,00
52,03	50,00
52,06	50,00
52,08	50,00
52,11	50,00
52,13	50,00
52,16	50,00
52,18	50,00
52,20	50,00
52,23	50,00
52,25	50,00
52,28	50,00
52,30	50,00
52,33	50,00
52,35	50,00
52,38	50,00
52,40	50,00
52,42	50,00
52,45	50,00
52,47	50,00
52,50	50,00
52,52	50,00
52,55	50,00
52,57	50,00
52,60	50,00
52,62	50,00
52,64	50,00
52,67	50,00
52,69	50,00
52,72	50,00
52,74	50,00
52,77	50,00
52,79	50,00
52,82	50,00
52,84	50,00
52,86	50,00
52,89	50,00
52,91	50,00
52,94	50,00
52,96	50,00
52,99	50,00
53,01	50,00
53,04	50,00
53,06	50,00
53,08	50,00
53,11	50,00
53,13	50,00
53,16	50,00
53,18	50,00
53,21	50,00
53,23	50,00
53,26	50,00
53,28	50,00
53,30	50,00
53,33	50,00
53,35	50,00
53,38	50,00
53,40	50,00
53,43	50,00
53,45	50,00
53,47	50,00
53,50	50,00
53,52	50,00
53,55	50,00
53,57	50,00
53,60	50,00
53,62	50,00
53,65	50,00
53,67	50,00
53,69	50,00
53,72	50,00
53,74	50,00
53,77	50,00
53,79	50,00
53,82	50,00
53,84	50,00
53,87	50,00
53,89	50,00
53,91	50,00
53,94	50,00
53,96	50,00
53,99	50,00
54,01	50,00
54,04	50,00
54,06	50,00
54,09	50,00
54,11	50,00
54,13	50,00
54,16	50,00
54,18	50,00
54,21	50,00
54,23	50,00
54,26	50,00
54,28	50,00
54,31	50,00
54,33	50,00
54,35	50,00
54,38	50,00
54,40	50,00
54,43	50,00
54,45	50,00
54,48	50,00
54,50	50,00
54,52	50,00
54,55	50,00
54,57	50,00
54,60	50,00
54,62	50,00
54,65	50,00
54,67	50,00
54,70	50,00
54,72	50,00
54,74	50,00
54,77	50,00
54,79	50,00
54,82	50,00
54,84	50,00
54,87	50,00
54,89	50,00
54,92	50,00
54,94	50,00
54,96	50,00
54,99	50,00
55,01	50,00
55,04	50,00
55,06	50,00
55,09	50,00
55,11	50,00
55,14	50,00
55,16	50,00
55,18	50,00
55,21	50,00
55,23	50,00
55,26	50,00
55,28	50,00
55,31	50,00
55,33	50,00
55,36	50,00
55,38	50,00
55,40	50,00
55,43	50,00
55,45	50,00
55,48	50,00
55,50	50,00
55,53	50,00
55,55	50,00
55,57	50,00
55,60	50,00
55,62	50,00
55,65	50,00
55,67	50,00
55,70	50,00
55,72	50,00
55,75	50,00
55,77	50,00
55,79	50,00
55,82	50,00
55,84	50,00
55,87	50,00
55,89	50,00
55,92	50,00
55,94	50,00
55,97	50,00
55,99	50,00
56,01	50,00
56,04	50,00
56,06	50,00
56,09	50,00
56,11	50,00
56,14	50,00
56,16	50,00
56,19	50,00
56,21	50,00
56,23	50,00
56,26	50,00
56,28	50,00
56,31	50,00
56,33	50,00
56,36	50,00
56,38	50,00
56,41	50,00
56,43	50,00
56,45	50,00
56,48	50,00
56,50	50,00
56,53	50,00
56,55	50,00
56,58	50,00
56,60	50,00
56,62	50,00
56,65	50,00
56,67	50,00
56,70	50,00
56,72	50,00
56,75	50,00
56,77	50,00
56,80	50,00
56,82	50,00
56,84	50,00
56,87	50,00
56,89	50,00
56,92	50,00
56,94	50,00
56,97	50,00
56,99	50,00
57,02	50,00
57,04	50,00
57,06	50,00
57,09	50,00
57,11	50,00
57,14	50,00
57,16	50,00
57,19	50,00
57,21	50,00
57,24	50,00
57,26	50,00
57,28	50,00
57,31	50,00
57,33	50,00
57,36	50,00
57,38	50,00
57,41	50,00
57,43	50,00
57,46	50,00
57,48	50,00
57,50	50,00
57,53	50,00
57,55	50,00
57,58	50,00
57,60	50,00
57,63	50,00
57,65	50,00
57,68	50,00
57,70	50,00
57,72	50,00
57,75	50,00
57,77	50,00
57,80	50,00
57,82	50,00
57,85	50,00
57,87	50,00
57,89	50,00
57,92	50,00
57,94	50,00
57,97	50,00
57,99	50,00
58,02	50,00
58,04	50,00
58,07	50,00
58,09	50,00
58,11	50,00
58,14	50,00
58,16	50,00
58,19	50,00
58,21	50,00
58,24	50,00
58,26	50,00
58,29	50,00
58,31	50,00
58,33	50,00
58,36	50,00
58,38	50,00
58,41	50,00
58,43	50,00
58,46	50,00
58,48	50,00
58,51	50,00
58,53	50,00
58,55	50,00
58,58	50,00
58,60	50,00
58,63	50,00
58,65	50,00
58,68	50,00
58,70	50,00
58,73	50,00
58,75	50,00
58,77	50,00
58,80	50,00
58,82	50,00
58,85	50,00
58,87	50,00
58,90	50,00
58,92	50,00
58,94	50,00
58,97	50,00
58,99	50,00
59,02	50,00
59,04	50,00
59,07	50,00
59,09	50,00
59,12	50,00
59,14	50,00
59,16	50,00
59,19	50,00
59,21	50,00
59,24	50,00
59,26	50,00
59,29	50,00
59,31	50,00
59,34	50,00
59,36	50,00
59,38	50,00
59,41	50,00
59,43	50,00
59,46	50,00
59,48	50,00
59,51	50,00
59,53	50,00
59,56	50,00
59,58	50,00
59,60	50,00
59,63	50,00
59,65	50,00
59,68	50,00
59,70	50,00
59,73	50,00
59,75	50,00
59,78	50,00
59,80	50,00
59,82	50,00
59,85	50,00
59,87	50,00
59,90	50,00
59,92	50,00
59,95	50,00
59,97	50,00
59,99	50,00

